1.000000000000000000e+00 7.895402438512577614e-02
1.005046358483368207e+00 7.873328666173620705e-02
1.010118182700679101e+00 7.851113170968614108e-02
1.015215601161155057e+00 7.828755930210312686e-02
1.020338743022522365e+00 7.806256824380621018e-02
1.025487738094283285e+00 7.783616022517664268e-02
1.030662716841005411e+00 7.760833466120281576e-02
1.035863810385627248e+00 7.737909197004518014e-02
1.041091150512780894e+00 7.714843322004170945e-02
1.046344869672130473e+00 7.691635747587968752e-02
1.051625100981729233e+00 7.668286818450135989e-02
1.056931978231391289e+00 7.644796727706386352e-02
1.062265635886082471e+00 7.621165412982383591e-02
1.067626209089326705e+00 7.597393191282518499e-02
1.073013833666630834e+00 7.573480245454872195e-02
1.078428646128925861e+00 7.549426736555774065e-02
1.083870783676025740e+00 7.525233000933408134e-02
1.089340384200104150e+00 7.500899301356116211e-02
1.094837586289187925e+00 7.476425927228258494e-02
1.100362529230668684e+00 7.451813208209079331e-02
1.105915353014832236e+00 7.427061721226844992e-02
1.111496198338405739e+00 7.402171679311747576e-02
1.117105206608122181e+00 7.377143437971499240e-02
1.122742519944303963e+00 7.351977526009798036e-02
1.128408281184463124e+00 7.326674474399039183e-02
1.134102633886921119e+00 7.301234725039959517e-02
1.139825722334446567e+00 7.275658922731632894e-02
1.145577691537910336e+00 7.249947496663539104e-02
1.151358687239959933e+00 7.224101112070217823e-02
1.157168855918712991e+00 7.198120454358791775e-02
1.163008344791467863e+00 7.172006084860159392e-02
1.168877301818434189e+00 7.145758893036781301e-02
1.174775875706482120e+00 7.119379487582365440e-02
1.180704215912909749e+00 7.092868564375591489e-02
1.186662472649230526e+00 7.066227083029825995e-02
1.192650796884978659e+00 7.039455783718849557e-02
1.198669340351534940e+00 7.012555508339855803e-02
1.204718255545971228e+00 6.985527138569601335e-02
1.210797695734914026e+00 6.958371779463358442e-02
1.216907814958428702e+00 6.931090334747738724e-02
1.223048768033921041e+00 6.903683746292475776e-02
1.229220710560062102e+00 6.876153189465189497e-02
1.235423798920728844e+00 6.848499655913124762e-02
1.241658190288967178e+00 6.820724280806164663e-02
1.247924042630975672e+00 6.792828286675177407e-02
1.254221514710105456e+00 6.764812841391966425e-02
1.260550766090885677e+00 6.736679207890211574e-02
1.266911957143064704e+00 6.708428673466181047e-02
1.273305249045674215e+00 6.680062493635521848e-02
1.279730803791113036e+00 6.651582132736438835e-02
1.286188784189251866e+00 6.622989013956406823e-02
1.292679353871558412e+00 6.594284494217021730e-02
1.299202677295242969e+00 6.565470180466893846e-02
1.305758919747426416e+00 6.536547485058701035e-02
1.312348247349327535e+00 6.507518039060113113e-02
1.318970827060472084e+00 6.478383476033766630e-02
1.325626826682923864e+00 6.449145425089375383e-02
1.332316414865535759e+00 6.419805573852702119e-02
1.339039761108222981e+00 6.390365693125565905e-02
1.345797035766258753e+00 6.360827673984342789e-02
1.352588410054589740e+00 6.331193232386049530e-02
1.359414056052174136e+00 6.301464283769367403e-02
1.366274146706342840e+00 6.271642762394732951e-02
1.373168855837181068e+00 6.241730654043700643e-02
1.380098358141931936e+00 6.211729943397254622e-02
1.387062829199424030e+00 6.181642754044142790e-02
1.394062445474519185e+00 6.151471132290693006e-02
1.401097384322584460e+00 6.121217274551919024e-02
1.408167823993985657e+00 6.090883385268119204e-02
1.415273943638603926e+00 6.060471668729597305e-02
1.422415923310374586e+00 6.029984527964538099e-02
1.429593943971849690e+00 5.999424220141157810e-02
1.436808187498783917e+00 5.968793139948821991e-02
1.444058836684741109e+00 5.938093762098785311e-02
1.451346075245728118e+00 5.907328533235229467e-02
1.458670087824847306e+00 5.876499999139413871e-02
1.466031059996977692e+00 5.845610715113570138e-02
1.473429178273474749e+00 5.814663351815503589e-02
1.480864630106897284e+00 5.783660544328311087e-02
1.488337603895756978e+00 5.752605018929179276e-02
1.495848288989292341e+00 5.721499576957640720e-02
1.503396875692265100e+00 5.690346968639615338e-02
1.510983555269783896e+00 5.659150072854820385e-02
1.518608519952149516e+00 5.627911807618062728e-02
1.526271962939725224e+00 5.596635107575333862e-02
1.533974078407833064e+00 5.565322980937435077e-02
1.541715061511673257e+00 5.533978456872024748e-02
1.549495108391269138e+00 5.502604602470907019e-02
1.557314416176436955e+00 5.471204583012725942e-02
1.565173182991780543e+00 5.439781562482765703e-02
1.573071607961711527e+00 5.408338742190010873e-02
1.581009891215494623e+00 5.376879428171331410e-02
1.588988233892318913e+00 5.345406856862827683e-02
1.597006838146393548e+00 5.313924418307243436e-02
1.605065907152070759e+00 5.282435493639998925e-02
1.613165645108992630e+00 5.250943498336985843e-02
1.621306257247266291e+00 5.219451891821350054e-02
1.629487949832663984e+00 5.187964195661131511e-02
1.637710930171848212e+00 5.156483985827302330e-02
1.645975406617625758e+00 5.125014796849756277e-02
1.654281588574225914e+00 5.093560277847747342e-02
1.662629686502607340e+00 5.062124075650586280e-02
1.671019911925789581e+00 5.030709890835350501e-02
1.679452477434213442e+00 4.999321441412751810e-02
1.687927596691127130e+00 4.967962512724549001e-02
1.696445484438000806e+00 4.936636873334486475e-02
1.705006356499966014e+00 4.905348366029415458e-02
1.713610429791286416e+00 4.874100835366127621e-02
1.722257922320851842e+00 4.842898153374045056e-02
1.730949053197703646e+00 4.811744269840288746e-02
1.739684042636586048e+00 4.780643086101198785e-02
1.748463111963525440e+00 4.749598581547671838e-02
1.757286483621438800e+00 4.718614739327138541e-02
1.766154381175770061e+00 4.687695555681110210e-02
1.775067029320154255e+00 4.656845071043233530e-02
1.784024653882111178e+00 4.626067320588755916e-02
1.793027481828767034e+00 4.595366378013297087e-02
1.802075741272606058e+00 4.564746310285722891e-02
1.811169661477249004e+00 4.534211224986373773e-02
1.820309472863263833e+00 4.503765227846923819e-02
1.829495407014002817e+00 4.473412410162880964e-02
1.838727696681470958e+00 4.443156909199203614e-02
1.848006575792223494e+00 4.413002853955630411e-02
1.857332279453292712e+00 4.382954372390072267e-02
1.866705043958145405e+00 4.353015608265822095e-02
1.876125106792669861e+00 4.323190689622914001e-02
1.885592706641193050e+00 4.293483743831701116e-02
1.895108083392528897e+00 4.263898907008428080e-02
1.904671478146056307e+00 4.234440291987626864e-02
1.914283133217828059e+00 4.205112012744691152e-02
1.923943292146710560e+00 4.175918182229754194e-02
1.933652199700554464e+00 4.146862861165622610e-02
1.943410101882396823e+00 4.117950136649695808e-02
1.953217245936694324e+00 4.089184050037319995e-02
1.963073880355588052e+00 4.060568626551994131e-02
1.972980254885198903e+00 4.032107865307114208e-02
1.982936620531956740e+00 4.003805747757163691e-02
1.992943229568959751e+00 3.975666225166512441e-02
2.003000335542366006e+00 3.947693193509417553e-02
2.013108193277819424e+00 3.919890541798253664e-02
2.023267058886905279e+00 3.892262097898236545e-02
2.033477189773638560e+00 3.864811661019764560e-02
2.043738844640988095e+00 3.837542979346632993e-02
2.054052283497431297e+00 3.810459764502226176e-02
2.064417767663540459e+00 3.783565660714852813e-02
2.074835559778605454e+00 3.756864272108021569e-02
2.085305923807287964e+00 3.730359132862561683e-02
2.095829125046310804e+00 3.704053724173891893e-02
2.106405430131178314e+00 3.677951472838891095e-02
2.117035107042933628e+00 3.652055716388542816e-02
2.127718425114947909e+00 3.626369746462596716e-02
2.138455655039745551e+00 3.600896763409567464e-02
2.149247068875862254e+00 3.575639895722309419e-02
2.160092940054737731e+00 3.550602199779736429e-02
2.170993543387647051e+00 3.525786636886305697e-02
2.181949155072658630e+00 3.501196088828056885e-02
2.192960052701637519e+00 3.476833342799862114e-02
2.204026515267275776e+00 3.452701102922040716e-02
2.215148823170163261e+00 3.428801966899221176e-02
2.226327258225891281e+00 3.405138428243856263e-02
2.237562103672193103e+00 3.381712888289356567e-02
2.248853644176122657e+00 3.358527635585718818e-02
2.260202165841263877e+00 3.335584848737781216e-02
2.271607956214984458e+00 3.312886597779968884e-02
2.283071304295716253e+00 3.290434829173366493e-02
2.294592500540283631e+00 3.268231372051771250e-02
2.306171836871258041e+00 3.246277934789049829e-02
2.317809606684357870e+00 3.224576094442868635e-02
2.329506104855882054e+00 3.203127305638395900e-02
2.341261627750179208e+00 3.181932888988223129e-02
2.353076473227160736e+00 3.160994020046544589e-02
2.364950940649844568e+00 3.140311750048091488e-02
2.376885330891942427e+00 3.119886978619186221e-02
2.388879946345482619e+00 3.099720466233954128e-02
2.400935090928471016e+00 3.079812823696731830e-02
2.413051070092594230e+00 3.060164515949300931e-02
2.425228190830956532e+00 3.040775854282726925e-02
2.437466761685860295e+00 3.021646992672094231e-02
2.449767092756621523e+00 3.002777936987898605e-02
2.462129495707430227e+00 2.984168522079736624e-02
2.474554283775244112e+00 2.965818430042958115e-02
2.487041771777728449e+00 2.947727176911684940e-02
2.499592276121230139e+00 2.929894116875186860e-02
2.512206114808796187e+00 2.912318433353033170e-02
2.524883607448230816e+00 2.894999145189668457e-02
2.537625075260194318e+00 2.877935096948356503e-02
2.550430841086341438e+00 2.861124966214027149e-02
2.563301229397501491e+00 2.844567259957365285e-02
2.576236566301899344e+00 2.828260305499593480e-02
2.589237179553420365e+00 2.812202264528285492e-02
2.602303398559912218e+00 2.796391116427383861e-02
2.615435554391532857e+00 2.780824670774648816e-02
2.628633979789138930e+00 2.765500563209727369e-02
2.641899009172717694e+00 2.750416250569488047e-02
2.655230978649858464e+00 2.735569016713291016e-02
2.668630226024270247e+00 2.720955970802147947e-02
2.682097090804340667e+00 2.706574052153255111e-02
2.695631914211737978e+00 2.692420022937895563e-02
2.709235039190058369e+00 2.678490474397275320e-02
2.722906810413513679e+00 2.664781830032506016e-02
2.736647574295664853e+00 2.651290342686624807e-02
2.750457678998200706e+00 2.638012098928832483e-02
2.764337474439758413e+00 2.624943022825096048e-02
2.778287312304790202e+00 2.612078873084248617e-02
2.792307546052473555e+00 2.599415251333083918e-02
2.806398530925668489e+00 2.586947602048286429e-02
2.820560623959917024e+00 2.574671215004786448e-02
2.834794183992491501e+00 2.562581233616257823e-02
2.849099571671484643e+00 2.550672652789732001e-02
2.863477149464949800e+00 2.538940324026410511e-02
2.877927281670082937e+00 2.527378964312218187e-02
2.892450334422455693e+00 2.515983154164473656e-02
2.907046675705289296e+00 2.504747349111102750e-02
2.921716675358782211e+00 2.493665879748939787e-02
2.936460705089476875e+00 2.482732959627232533e-02
2.951279138479682818e+00 2.471942690630631739e-02
2.966172350996937102e+00 2.461289069133849178e-02
2.981140720003522482e+00 2.450765994090624636e-02
2.996184624766026428e+00 2.440367267648061930e-02
3.011304446464952100e+00 2.430086609524285957e-02
3.026500568204374630e+00 2.419917659692747899e-02
3.041773375021651571e+00 2.409853988144758027e-02
3.057123253897175541e+00 2.399889100298187999e-02
3.072550593764181492e+00 2.390016447808405997e-02
3.088055785518601049e+00 2.380229434048664744e-02
3.103639222028967026e+00 2.370521425233038798e-02
3.119301298146367252e+00 2.360885757861246395e-02
3.135042410714449446e+00 2.351315746615869479e-02
3.150862958579477180e+00 2.341804697572366645e-02
3.166763342600435571e+00 2.332345911237240429e-02
3.182743965659186713e+00 2.322932698802524648e-02
3.198805232670679732e+00 2.313558388799651783e-02
3.214947550593209691e+00 2.304216336558341863e-02
3.231171328438729784e+00 2.294899935981304512e-02
3.247476977283212385e+00 2.285602629208559333e-02
3.263864910277068265e+00 2.276317918534370710e-02
3.280335542655612890e+00 2.267039373932205198e-02
3.296889291749586892e+00 2.257760646714001077e-02
3.313526576995733386e+00 2.248475479568607868e-02
3.330247819947421473e+00 2.239177716416697675e-02
3.347053444285331469e+00 2.229861314363034558e-02
3.363943875828187657e+00 2.220520355004195270e-02
3.380919542543547429e+00 2.211149054177291573e-02
3.397980874558647280e+00 2.201741774143958774e-02
3.415128304171298979e+00 2.192293033428328874e-02
3.432362265860844808e+00 2.182797518254071811e-02
3.449683196299164312e+00 2.173250093920821996e-02
3.467091534361741445e+00 2.163645813929076719e-02
3.484587721138781458e+00 2.153979931386265645e-02
3.502172199946390840e+00 2.144247909722435050e-02
3.519845416337806565e+00 2.134445430952835662e-02
3.537607818114687497e+00 2.124568408390049845e-02
3.555459855338459985e+00 2.114612994108366895e-02
3.573401980341722073e+00 2.104575588967434741e-02
3.591434647739704111e+00 2.094452851550109712e-02
3.609558314441787985e+00 2.084241707523338052e-02
3.627773439663083188e+00 2.073939357355545840e-02
3.646080484936065069e+00 2.063543282864731959e-02
3.664479914122265036e+00 2.053051257563490509e-02
3.682972193424028262e+00 2.042461351365745456e-02
3.701557791396322905e+00 2.031771938037495867e-02
3.720237178958613278e+00 2.020981700614866636e-02
3.739010829406792524e+00 2.010089637614940333e-02
3.757879218425175250e+00 1.999095066888707459e-02
3.776842824098547879e+00 1.987997630680638644e-02
3.795902126924285636e+00 1.976797298343613979e-02
3.815057609824525464e+00 1.965494369612261205e-02
3.834309758158401582e+00 1.954089477366439259e-02
3.853659059734345860e+00 1.942583587107011081e-02
3.873106004822444604e+00 1.930977999855039776e-02
3.892651086166864616e+00 1.919274350776915480e-02
3.912294798998335210e+00 1.907474608252761675e-02
3.932037641046697729e+00 1.895581072517370236e-02
3.951880112553516788e+00 1.883596373015830605e-02
3.971822716284755028e+00 1.871523464868503003e-02
3.991865957543513144e+00 1.859365623989295627e-02
4.012010344182831645e+00 1.847126442841987362e-02
4.032256386618558786e+00 1.834809823368776724e-02
4.052604597842287326e+00 1.822419969998777256e-02
4.073055493434345919e+00 1.809961382275356370e-02
4.093609591576867324e+00 1.797438845456140674e-02
4.114267413066918344e+00 1.784857420437095665e-02
4.135029481329693724e+00 1.772222433635849831e-02
4.155896322431779311e+00 1.759539464480347828e-02
4.176868465094481842e+00 1.746814333245064188e-02
4.197946440707224447e+00 1.734053087690216877e-02
4.219130783341012325e+00 1.721261987889435852e-02
4.240422029761965028e+00 1.708447491786301356e-02
4.261820719444915362e+00 1.695616238549323487e-02
4.283327394587081116e+00 1.682775031180198944e-02
4.304942600121798968e+00 1.669930819761467067e-02
4.326666883732336544e+00 1.657090682137724730e-02
4.348500795865766655e+00 1.644261804872853769e-02
4.370444889746917916e+00 1.631451463339395058e-02
4.392499721392384870e+00 1.618667001297842065e-02
4.414665849624626048e+00 1.605915809395655133e-02
4.436943836086114423e+00 1.593205303264222730e-02
4.459334245253575801e+00 1.580542902185381321e-02
4.481837644452285829e+00 1.567936005544443706e-02
4.504454603870446050e+00 1.555391970455207579e-02
4.527185696573634566e+00 1.542918088479464794e-02
4.550031498519322426e+00 1.530521562054971800e-02
4.572992588571467287e+00 1.518209480856474655e-02
4.596069548515185232e+00 1.505988798615677006e-02
4.619262963071484762e+00 1.493866309013602151e-02
4.642573419912088717e+00 1.481848622690061165e-02
4.666001509674321923e+00 1.469942144018946892e-02
4.689547825976075224e+00 1.458153047570973082e-02
4.713212965430850332e+00 1.446487256600763847e-02
4.736997527662873075e+00 1.434950420177321696e-02
4.760902115322289241e+00 1.423547892220370162e-02
4.784927334100430585e+00 1.412284710803793364e-02
4.809073792745168774e+00 1.401165578080287508e-02
4.833342103076332386e+00 1.390194841508129477e-02
4.857732880001211839e+00 1.379376475576210570e-02
4.882246741530142486e+00 1.368714065214781013e-02
4.906884308792159644e+00 1.358210789776530952e-02
4.931646206050738890e+00 1.347869408753295251e-02
4.956533060719613637e+00 1.337692248959979242e-02
4.981545503378670858e+00 1.327681192794924643e-02
5.006684167789930306e+00 1.317837668337532887e-02
5.031949690913602780e+00 1.308162641236390936e-02
5.057342712924226547e+00 1.298656607792241825e-02
5.082863877226891702e+00 1.289319590513401080e-02
5.108513830473540906e+00 1.280151135270158301e-02
5.134293222579354499e+00 1.271150310060748488e-02
5.160202706739218215e+00 1.262315706534817075e-02
5.186242939444270839e+00 1.253645442718223819e-02
5.212414580498543337e+00 1.245137168266735594e-02
5.238718293035674378e+00 1.236788072036031604e-02
5.265154743535711113e+00 1.228594891105794576e-02
5.291724601841998776e+00 1.220553922727480277e-02
5.318428541178152003e+00 1.212661037725877751e-02
5.345267238165114065e+00 1.204911696493494305e-02
5.372241372838297835e+00 1.197300966786818757e-02
5.399351628664822655e+00 1.189823543608613601e-02
5.426598692560823167e+00 1.182473771399230808e-02
5.453983254908862044e+00 1.175245667582209934e-02
5.481506009575419114e+00 1.168132948706718070e-02
5.509167653928473740e+00 1.161129057761756296e-02
5.536968888855173354e+00 1.154227193480431360e-02
5.564910418779592582e+00 1.147420341030031682e-02
5.592992951680585634e+00 1.140701304351406965e-02
5.621217199109716844e+00 1.134062739578948521e-02
5.649583876209299582e+00 1.127497189796541725e-02
5.678093701730507981e+00 1.120997120715345151e-02
5.706747398051595255e+00 1.114554956888796564e-02
5.735545691196191953e+00 1.108163119182184464e-02
5.764489310851705461e+00 1.101814061907097769e-02
5.793578990387807437e+00 1.095500310912750699e-02
5.822815466875014501e+00 1.089214501168364428e-02
5.852199481103366629e+00 1.082949414412147544e-02
5.881731777601195255e+00 1.076698016382744531e-02
5.911413104653989059e+00 1.070453493267193787e-02
5.941244214323353923e+00 1.064209287495578200e-02
5.971225862466067014e+00 1.057959132131943043e-02
6.001358808753229468e+00 1.051697084251192182e-02
6.031643816689517656e+00 1.045417556606850588e-02
6.062081653632524159e+00 1.039115347595258483e-02
6.092673090812203540e+00 1.032785669122563040e-02
6.123418903350412279e+00 1.026424172385818727e-02
6.154319870280551719e+00 1.020026971102509436e-02
6.185376774567303393e+00 1.013590662305203366e-02
6.216590403126469155e+00 1.007112344254737155e-02
6.247961546844911673e+00 1.000589631422800323e-02
6.279491000600590844e+00 9.940206664584614812e-03
6.311179563282705907e+00 9.874041287600433120e-03
6.343028037811937025e+00 9.807392398750815199e-03
6.375037231160791684e+00 9.740257654318424524e-03
6.407207954374047887e+00 9.672640134852014682e-03
6.439541022589307495e+00 9.604548294894311306e-03
6.472037255057648153e+00 9.535995875019511944e-03
6.504697475164383569e+00 9.467001779819708002e-03
6.537522510449922386e+00 9.397589919821716653e-03
6.570513192630741628e+00 9.327789018629913109e-03
6.603670357620456954e+00 9.257632386550728940e-03
6.636994845551001276e+00 9.187157660397762132e-03
6.670487500793918834e+00 9.116406513867456041e-03
6.704149171981751643e+00 9.045424336213931521e-03
6.737980712029546737e+00 8.974259884406766627e-03
6.771982978156468214e+00 8.902964908683121126e-03
6.806156831907513194e+00 8.831593756037202023e-03
6.840503139175344138e+00 8.760202952559087083e-03
6.875022770222227741e+00 8.688850769000434210e-03
6.909716599702088402e+00 8.617596771622439492e-03
6.944585506682664722e+00 8.546501361659681120e-03
6.979630374667788573e+00 8.475625308321528550e-03
7.014852091619767194e+00 8.405029276780353470e-03
7.050251549981886079e+00 8.334773357443070116e-03
7.085829646701016671e+00 8.264916597780596480e-03
7.121587283250348399e+00 8.195516542458387149e-03
7.157525365652225524e+00 8.126628784934334868e-03
7.193644804501107437e+00 8.058306534763375398e-03
7.229946514986639095e+00 7.990600204016635663e-03
7.266431416916839581e+00 7.923557016298462055e-03
7.303100434741411462e+00 7.857220643720880249e-03
7.339954497575158499e+00 7.791630873291564841e-03
7.376994539221533032e+00 7.726823307158091347e-03
7.414221498196294391e+00 7.662829099139743631e-03
7.451636317751288097e+00 7.599674730861152687e-03
7.489239945898345852e+00 7.537381829369011084e-03
7.527033335433309880e+00 7.475967028753990537e-03
7.565017443960169174e+00 7.415441877284666833e-03
7.603193233915325422e+00 7.355812791599468034e-03
7.641561672591981491e+00 7.297081058393152693e-03
7.680123732164647166e+00 7.239242884007724560e-03
7.718880389713773660e+00 7.182289492528316430e-03
7.757832627250509816e+00 7.126207271089460629e-03
7.796981431741586199e+00 7.070977961581329310e-03
7.836327795134319096e+00 7.016578897339964364e-03
7.875872714381749518e+00 6.962983282147633228e-03
7.915617191467897662e+00 6.910160509554084084e-03
7.955562233433155939e+00 6.858076519402080649e-03
7.995708852399805444e+00 6.806694187511377371e-03
8.036058065597654121e+00 6.755973744772121765e-03
8.076610895389823241e+00 6.705873221299855393e-03
8.117368369298636921e+00 6.656348911298542136e-03
8.158331520031671502e+00 6.607355852750970183e-03
8.199501385507913298e+00 6.558848316916068844e-03
8.240879008884061108e+00 6.510780302193126291e-03
8.282465438580953077e+00 6.463106026589181090e-03
8.324261728310139219e+00 6.415780412852410512e-03
8.366268937100574732e+00 6.368759560845525282e-03
8.408488129325451865e+00 6.322001200944456223e-03
8.450920374729173901e+00 6.275465123374193710e-03
8.493566748454457027e+00 6.229113577780560039e-03
8.536428331069574327e+00 6.182911638141249180e-03
8.579506208595731209e+00 6.136827528799553705e-03
8.622801472534588285e+00 6.090832906794896133e-03
8.666315219895913913e+00 6.044903097136975455e-03
8.710048553225377077e+00 5.999017278201634190e-03
8.754002580632494812e+00 5.953158614806157434e-03
8.798178415818696863e+00 5.907314336909026166e-03
8.842577178105550217e+00 5.861475763479796416e-03
8.887199992463120424e+00 5.815638271549349557e-03
8.932047989538476784e+00 5.769801210541885758e-03
8.977122305684336112e+00 5.723967763901992821e-03
9.022424082987859251e+00 5.678144760285109595e-03
9.067954469299591480e+00 5.632342437027449203e-03
9.113714618262536149e+00 5.586574160121188411e-03
9.159705689341402390e+00 5.540856105012537981e-03
9.205928847851966523e+00 5.495206903599944744e-03
9.252385264990607538e+00 5.449647263035166736e-03
9.299076117863984692e+00 5.404199562577813483e-03
9.346002589518853654e+00 5.358887434907588787e-03
9.393165868972053190e+00 5.313735339271754773e-03
9.440567151240623289e+00 5.268768132910457008e-03
9.488207637372093828e+00 5.224010648242242288e-03
9.536088534474904677e+00 5.179487282646431413e-03
9.584211055749003449e+00 5.135221607368665488e-03
9.632576420516572924e+00 5.091236002258659257e-03
9.681185854252939649e+00 5.047551322338914188e-03
9.730040588617612229e+00 5.004186601229315343e-03
9.779141861485499021e+00 4.961158796182429248e-03
9.828490916978267933e+00 4.918482578843680515e-03
9.878089005495867880e+00 4.876170174800948005e-03
9.927937383748217215e+00 4.834231253585254823e-03
9.978037314787043144e+00 4.792672870583205777e-03
1.002839006803788280e+01 4.751499460980378176e-03
1.007899691933225128e+01 4.710712884559759353e-03
1.012985915093996603e+01 4.670312519667296422e-03
1.018097805160163638e+01 4.630295403350500986e-03
1.023235491656132012e+01 4.590656413651029479e-03
1.028399104759934346e+01 4.551388489715080081e-03
1.033588775306527907e+01 4.512482883762915231e-03
1.038804634791110182e+01 4.473929439066794828e-03
1.044046815372450432e+01 4.435716887420222514e-03
1.049315449876238659e+01 4.397833158620714951e-03
1.054610671798450916e+01 4.360265694977815201e-03
1.059932615308731663e+01 4.323001763411512752e-03
1.065281415253793540e+01 4.286028757793261187e-03
1.070657207160834012e+01 4.249334484534568294e-03
1.076060127240969244e+01 4.212907424862825587e-03
1.081490312392686093e+01 4.176736967747425935e-03
1.086947900205309381e+01 4.140813608030697972e-03
1.092433028962489594e+01 4.105129105673767376e-03
1.097945837645706035e+01 4.069676602539967075e-03
1.103486465937788275e+01 4.034450694256812818e-03
1.109055054226455361e+01 3.999447456254161780e-03
1.114651743607873335e+01 3.964664423959727256e-03
1.120276675890230145e+01 3.930100528450247710e-03
1.125929993597328327e+01 3.895755990187279704e-03
1.131611839972196876e+01 3.861632174501275667e-03
1.137322358980720338e+01 3.827731413592104157e-03
1.143061695315287096e+01 3.794056801157325021e-03
1.148829994398454524e+01 3.760611965875523734e-03
1.154627402386634927e+01 3.727400831556417979e-03
1.160454066173798182e+01 3.694427371534105258e-03
1.166310133395193382e+01 3.661695365272059095e-03
1.172195752431090376e+01 3.629208165539464601e-03
1.178111072410539251e+01 3.596968483848874895e-03
1.184056243215148108e+01 3.564978201532619483e-03
1.190031415482881982e+01 3.533238212995294756e-03
1.196036740611878635e+01 3.501748306998672851e-03
1.202072370764285303e+01 3.470507090406254810e-03
1.208138458870114285e+01 3.439511957318164108e-03
1.214235158631116818e+01 3.408759105498256753e-03
1.220362624524678807e+01 3.378243599967502286e-03
1.226521011807734318e+01 3.347959482121174758e-03
1.232710476520699672e+01 3.317899921231032886e-03
1.238931175491426728e+01 3.288057403417061087e-03
1.245183266339177131e+01 3.258423951847564184e-03
1.251466907478615909e+01 3.228991370708168222e-03
1.257782258123825159e+01 3.199751504235715492e-03
1.264129478292338327e+01 3.170696501624851223e-03
1.270508728809194565e+01 3.141819078171166277e-03
1.276920171311014229e+01 3.113112762561962704e-03
1.283363968250093556e+01 3.084572121143869076e-03
1.289840282898521373e+01 3.056192950001779610e-03
1.296349279352316408e+01 3.027972427110111470e-03
1.302891122535584145e+01 2.999909217976189871e-03
1.309465978204696590e+01 2.972003529810215636e-03
1.316074012952491934e+01 2.944257111053612090e-03
1.322715394212495177e+01 2.916673195101878932e-03
1.329390290263160956e+01 2.889256389345724700e-03
1.336098870232137870e+01 2.862012512396202007e-03
1.342841304100552335e+01 2.834948384642702133e-03
1.349617762707317326e+01 2.808071579176429997e-03
1.356428417753459925e+01 2.781390141675341935e-03
1.363273441806471631e+01 2.754912289218710598e-03
1.370153008304682274e+01 2.728646099117654558e-03
1.377067291561653128e+01 2.702599199269181424e-03
1.384016466770594000e+01 2.676778471783053046e-03
1.391000710008803054e+01 2.651189781429328339e-03
1.398020198242127066e+01 2.625837739334702624e-03
1.405075109329446370e+01 2.600725511664845821e-03
1.412165622027180412e+01 2.575854680930086873e-03
1.419291915993818165e+01 2.551225165816467175e-03
1.426454171794469516e+01 2.526835203222589209e-03
1.433652570905440449e+01 2.502681393605170248e-03
1.440887295718831673e+01 2.478758808264128980e-03
1.448158529547159823e+01 2.455061154560810900e-03
1.455466456628002092e+01 2.431580992736688453e-03
1.462811262128664680e+01 2.408309995612857319e-03
1.470193132150874149e+01 2.385239240523819113e-03
1.477612253735493297e+01 2.362359521507415884e-03
1.485068814867260123e+01 2.339661668452445564e-03
1.492563004479551125e+01 2.317136859669626306e-03
1.500095012459167876e+01 2.294776914413982141e-03
1.507665029651149524e+01 2.272574552615735585e-03
1.515273247863607153e+01 2.250523610506958289e-03
1.522919859872584603e+01 2.228619202773329203e-03
1.530605059426942383e+01 2.206857824229044394e-03
1.538329041253267881e+01 2.185237387008486919e-03
1.546092001060807775e+01 2.163757192284492242e-03
1.553894135546428679e+01 2.142417838710734736e-03
1.561735642399599477e+01 2.121221073204157537e-03
1.569616720307401181e+01 2.100169592327088674e-03
1.577537568959560943e+01 2.079266805383409022e-03
1.585498389053512014e+01 2.058516572243311148e-03
1.593499382299478739e+01 2.037922930242925396e-03
1.601540751425587672e+01 2.017489825099733677e-03
1.609622700183004085e+01 1.997220860463044204e-03
1.617745433351094420e+01 1.977119079692793435e-03
1.625909156742616091e+01 1.957186791341012765e-03
1.634114077208930027e+01 1.937425447336720832e-03
1.642360402645244832e+01 1.917835579584419850e-03
1.650648341995881552e+01 1.898416797144250340e-03
1.658978105259570057e+01 1.879167842367071876e-03
1.667349903494768526e+01 1.860086700805968322e-03
1.675763948825012761e+01 1.841170756224850798e-03
1.684220454444288251e+01 1.822416979318425062e-03
1.692719634622435265e+01 1.803822136603333527e-03
1.701261704710576339e+01 1.785383004626677709e-03
1.709846881146571818e+01 1.767096574536163121e-03
1.718475381460506313e+01 1.748960232549316533e-03
1.727147424280198962e+01 1.730971903675275871e-03
1.735863229336742819e+01 1.713130148540884228e-03
1.744623017470073023e+01 1.695434206371060001e-03
1.753427010634562677e+01 1.677883981019033608e-03
1.762275431904645373e+01 1.660479970877394833e-03
1.771168505480468625e+01 1.643223147637197686e-03
1.780106456693574657e+01 1.626114792541786440e-03
1.789089512012608552e+01 1.609156302108700294e-03
1.798117899049058366e+01 1.592348977793100117e-03
1.807191846563020832e+01 1.575693815522807460e-03
1.816311584468997964e+01 1.559191311590608919e-03
1.825477343841722799e+01 1.542841300593157661e-03
1.834689356922014980e+01 1.526642839206326539e-03
1.843947857122663692e+01 1.510594146622664617e-03
1.853253079034343287e+01 1.494692608515988405e-03
1.862605258431556265e+01 1.478934846792025063e-03
1.872004632278608582e+01 1.463316852403327272e-03
1.881451438735612314e+01 1.447834173478805163e-03
1.890945917164521006e+01 1.432482146336633462e-03
1.900488308135194515e+01 1.417256153170128258e-03
1.910078853431494750e+01 1.402151887266269272e-03
1.919717796057410908e+01 1.387165605422141989e-03
1.929405380243218104e+01 1.372294347355914679e-03
1.939141851451664422e+01 1.357536103878086804e-03
1.948927456384191714e+01 1.342889919070983486e-03
1.958762442987185537e+01 1.328355916639380749e-03
1.968647060458256703e+01 1.313935246509950923e-03
1.978581559252558009e+01 1.299629954162134348e-03
1.988566191089127955e+01 1.285442781686426663e-03
1.998601208957269648e+01 1.271376915389703767e-03
2.008686867122961317e+01 1.257435699529715293e-03
2.018823421135297380e+01 1.243622338900284138e-03
2.029011127832965755e+01 1.229939614245410167e-03
2.039250245350754298e+01 1.216389633591966231e-03
2.049541033126090639e+01 1.202973639736208645e-03
2.059883751905617544e+01 1.189691889372758698e-03
2.070278663751798831e+01 1.176543613201496471e-03
2.080726032049558683e+01 1.163527059380378356e-03
2.091226121512957192e+01 1.150639615318468228e-03
2.101779198191895048e+01 1.137877996016083875e-03
2.112385529478857293e+01 1.125238481254829800e-03
2.123045384115687284e+01 1.112717179701227035e-03
2.133759032200395112e+01 1.100310295728523227e-03
2.144526745194002970e+01 1.088014374699726970e-03
2.155348795927422856e+01 1.075826504698767800e-03
2.166225458608368371e+01 1.063744457022319659e-03
2.177157008828304896e+01 1.051766753829791760e-03
2.188143723569429966e+01 1.039892658640958990e-03
2.199185881211693427e+01 1.028122093134728248e-03
2.210283761539849579e+01 1.016455491325614401e-03
2.221437645750547318e+01 1.004893608683387523e-03
2.232647816459453693e+01 9.934373085711603862e-04
2.243914557708417590e+01 9.820873508062906779e-04
2.255238154972662556e+01 9.708442068739871287e-04
2.266618895168024395e+01 9.597079232223882598e-04
2.278057066658218233e+01 9.486780484268997511e-04
2.289552959262145748e+01 9.377536322923991485e-04
2.301106864261238982e+01 9.269332961162413467e-04
2.312719074406840392e+01 9.162153643375587752e-04
2.324389883927620915e+01 9.055980397656148177e-04
2.336119588537034275e+01 8.950795986807578682e-04
2.347908485440810367e+01 8.846585790384268793e-04
2.359756873344487005e+01 8.743339354052553480e-04
2.371665052460975076e+01 8.641051381202677134e-04
2.383633324518169516e+01 8.539722011207187546e-04
2.395661992766590842e+01 8.439356320821737954e-04
2.407751361987071093e+01 8.339963087757881841e-04
2.419901738498476007e+01 8.241552956266729076e-04
2.432113430165465218e+01 8.144136228619619283e-04
2.444386746406294364e+01 8.047720563893646798e-04
2.456721998200654156e+01 7.952308886795688044e-04
2.469119498097551357e+01 7.857897792030476333e-04
2.481579560223225656e+01 7.764476674051856838e-04
2.494102500289111290e+01 7.672027725251292932e-04
2.506688635599834925e+01 7.580526836788628164e-04
2.519338285061256855e+01 7.489945319696435797e-04
2.532051769188549883e+01 7.400252253674950145e-04
2.544829410114321888e+01 7.311417181853371947e-04
2.557671531596777115e+01 7.223412814811893106e-04
2.570578459027919749e+01 7.136217394733054007e-04
2.583550519441798698e+01 7.049816405182416680e-04
2.596588041522794299e+01 6.964203391493817589e-04
2.609691355613945163e+01 6.879379771979194898e-04
2.622860793725320150e+01 6.795353657383698112e-04
2.636096689542429772e+01 6.712137835388651231e-04
2.649399378434680941e+01 6.629747198417531391e-04
2.662769197463875059e+01 6.548195976205831810e-04
2.676206485392748391e+01 6.467495165435485594e-04
2.689711582693555059e+01 6.387650519749644941e-04
2.703284831556694101e+01 6.308661377380492654e-04
2.716926575899380936e+01 6.230520472727140878e-04
2.730637161374358968e+01 6.153214723439085062e-04
2.744416935378660938e+01 6.076726830664716224e-04
2.758266247062408283e+01 6.001037403688057022e-04
2.772185447337659880e+01 5.926127242015601137e-04
2.786174888887302004e+01 5.851979391935785684e-04
2.800234926173985883e+01 5.778580642982831649e-04
2.814365915449107902e+01 5.705922234569871547e-04
2.828568214761836686e+01 5.633999685837027356e-04
2.842842183968185665e+01 5.562811818982256983e-04
2.857188184740130410e+01 5.492359190190452406e-04
2.871606580574772849e+01 5.422642248958575630e-04
2.886097736803552394e+01 5.353659596263303250e-04
2.900662020601500757e+01 5.285406695325282466e-04
2.915299800996546864e+01 5.217875305901733705e-04
2.930011448878867242e+01 5.151053776758227672e-04
2.944797337010282945e+01 5.084928163538167227e-04
2.959657840033704801e+01 5.019483970562699151e-04
2.974593334482626261e+01 4.954708177849611933e-04
2.989604198790662792e+01 4.890591138205403624e-04
3.004690813301143493e+01 4.827127933299827571e-04
3.019853560276743920e+01 4.764318867118825553e-04
3.035092823909176118e+01 4.702168936939777341e-04
3.050408990328919856e+01 4.640686326482561458e-04
3.065802447615008930e+01 4.579880171503949754e-04
3.081273585804861881e+01 4.519758010846647712e-04
3.096822796904166353e+01 4.460323418075866440e-04
3.112450474896811770e+01 4.401574290073983391e-04
3.128157015754870685e+01 4.343502149165875785e-04
3.143942817448632709e+01 4.286092618509305756e-04
3.159808279956689248e+01 4.229326996113711638e-04
3.175753805276065478e+01 4.173184630405937334e-04
3.191779797432409183e+01 4.117645636038322343e-04
3.207886662490225405e+01 4.062693417688305851e-04
3.224074808563166528e+01 4.008316507390468882e-04
3.240344645824372805e+01 3.954509361515383859e-04
3.256696586516865466e+01 3.901271979297162777e-04
3.273131044963990632e+01 3.848608452628877845e-04
3.289648437579920426e+01 3.796524784304484328e-04
3.306249182880200976e+01 3.745026468876775662e-04
3.322933701492357272e+01 3.694116378254703277e-04
3.339702416166553434e+01 3.643793417470705997e-04
3.356555751786300590e+01 3.594052227215559659e-04
3.373494135379225867e+01 3.544883950615336423e-04
3.390517996127889688e+01 3.496277814737758596e-04
3.407627765380662055e+01 3.448223072049288671e-04
3.424823876662651401e+01 3.400710759576481071e-04
3.442106765686690295e+01 3.353734791237991501e-04
3.459476870364372303e+01 3.307292088818868689e-04
3.476934630817151373e+01 3.261381729592892115e-04
3.494480489387491673e+01 3.216003368861708261e-04
3.512114890650077115e+01 3.171155406385333200e-04
3.529838281423072743e+01 3.126833447480292382e-04
3.547651110779450079e+01 3.083029538974489214e-04
3.565553830058362195e+01 3.039732453983525970e-04
3.583546892876582746e+01 2.996929011317047407e-04
3.601630755139998286e+01 2.954606120204326990e-04
3.619805875055158850e+01 2.912753018860072055e-04
3.638072713140889647e+01 2.871363089240321987e-04
3.656431732239958166e+01 2.830434712209773523e-04
3.674883397530803819e+01 2.789970865237031451e-04
3.693428176539322294e+01 2.749977502902499287e-04
3.712066539150712430e+01 2.710461108013435165e-04
3.730798957621382783e+01 2.671426055918536802e-04
3.749625906590916458e+01 2.632872512682304131e-04
3.768547863094099171e+01 2.594795454279151406e-04
3.787565306573002744e+01 2.557185078927047745e-04
3.806678718889138224e+01 2.520028479880329054e-04
3.825888584335661591e+01 2.483312076524350331e-04
3.845195389649645534e+01 2.447024085315972395e-04
3.864599624024412350e+01 2.411156317862686983e-04
3.884101779121929354e+01 2.375704818923797773e-04
3.903702349085266121e+01 2.340669228487694126e-04
3.923401830551117087e+01 2.306051151352042324e-04
3.943200722662380997e+01 2.271852118720303648e-04
3.963099527080811413e+01 2.238071835741574692e-04
3.983098747999728317e+01 2.204707291103062640e-04
4.003198892156790123e+01 2.171752995301404166e-04
4.023400468846835309e+01 2.139202210252966283e-04
4.043703989934788012e+01 2.107048669599051048e-04
4.064109969868625427e+01 2.075288096852925910e-04
4.084618925692412716e+01 2.043918888632704513e-04
4.105231377059406839e+01 2.012941635774810698e-04
4.125947846245220063e+01 1.982357604342550633e-04
4.146768858161054538e+01 1.952166723257209031e-04
4.167694940367002232e+01 1.922365855424156141e-04
4.188726623085413792e+01 1.892948062909370188e-04
4.209864439214331355e+01 1.863903228079015668e-04
4.231108924340990285e+01 1.835219889085606645e-04
4.252460616755393374e+01 1.806887681580807115e-04
4.273920057463945454e+01 1.778899527817248585e-04
4.295487790203166156e+01 1.751252778226324274e-04
4.317164361453462362e+01 1.723948871100103720e-04
4.338950320452978104e+01 1.696991607640486283e-04
4.360846219211509123e+01 1.670384650169269786e-04
4.382852612524490610e+01 1.644129148517546114e-04
4.404970057987056009e+01 1.618222358654572077e-04
4.427199116008161894e+01 1.592657737361547507e-04
4.449540349824789587e+01 1.567426413775925814e-04
4.471994325516217117e+01 1.542519388064816888e-04
4.494561612018360108e+01 1.517929527103956675e-04
4.517242781138190111e+01 1.493652548200570811e-04
4.540038407568220435e+01 1.469686656258810528e-04
4.562949068901069438e+01 1.446031114317930847e-04
4.585975345644095569e+01 1.422684500547313573e-04
4.609117821234103474e+01 1.399643522124891177e-04
4.632377082052131811e+01 1.376902968613832857e-04
4.655753717438305728e+01 1.354456829930809165e-04
4.679248319706773884e+01 1.332300030339387924e-04
4.702861484160712280e+01 1.310429902434915314e-04
4.726593809107411914e+01 1.288846603348017665e-04
4.750445895873436797e+01 1.267552145865218798e-04
4.774418348819859403e+01 1.246548383223432959e-04
4.798511775357575004e+01 1.225834838610907361e-04
4.822726785962692730e+01 1.205407421285612760e-04
4.847063994192002667e+01 1.185258709012800688e-04
4.871524016698521820e+01 1.165379747834836941e-04
4.896107473247119657e+01 1.145762580013023245e-04
4.920814986730222529e+01 1.126402340689929129e-04
4.945647183183594109e+01 1.107297963176646303e-04
4.970604691802198261e+01 1.088451205007495075e-04
4.995688144956144328e+01 1.069864513480576107e-04
5.020898178206705609e+01 1.051538788093200075e-04
5.046235430322426652e+01 1.033472105774249617e-04
5.071700543295307284e+01 1.015659951682442461e-04
5.097294162357068359e+01 9.980967054121704012e-05
5.123016935995502052e+01 9.807774763604654015e-05
5.148869515970901745e+01 9.636992214019447008e-05
5.174852557332577163e+01 9.468605226538132113e-05
5.200966718435451952e+01 9.302602206731966491e-05
5.227212660956744372e+01 9.138958127652341745e-05
5.253591049912733268e+01 8.977626935994228519e-05
5.280102553675607169e+01 8.818548122183193793e-05
5.306747843990402203e+01 8.661664402828520883e-05
5.333527595992018888e+01 8.506940254987229626e-05
5.360442488222331292e+01 8.354369849817719557e-05
5.387493202647379320e+01 8.203968609351876805e-05
5.414680424674646986e+01 8.055752011729510709e-05
5.442004843170431627e+01 7.909713028579738747e-05
5.469467150477295547e+01 7.765811034606044877e-05
5.497068042431610024e+01 7.623978888311245313e-05
5.524808218381186720e+01 7.484144363880120237e-05
5.552688381202997192e+01 7.346253506160137150e-05
5.580709237320980520e+01 7.210282406304461742e-05
5.608871496723946848e+01 7.076231328289388721e-05
5.637175872983561220e+01 6.944106307974619405e-05
5.665623083272430449e+01 6.813900877493190482e-05
5.694213848382268850e+01 6.685589543686749946e-05
5.722948892742164873e+01 6.559136017671420775e-05
5.751828944436937263e+01 6.434508917672238407e-05
5.780854735225578622e+01 6.311692633848352372e-05
5.810027000559803412e+01 6.190684672772860813e-05
5.839346479602676965e+01 6.071480811934180455e-05
5.868813915247345392e+01 5.954058963156429315e-05
5.898430054135863543e+01 5.838374628299256307e-05
5.928195646678105390e+01 5.724373047780668874e-05
5.958111447070785971e+01 5.612010753960440317e-05
5.988178213316564324e+01 5.501271519019928694e-05
6.018396707243255150e+01 5.392164850302066676e-05
6.048767694523127147e+01 5.284707256823104401e-05
6.079291944692307226e+01 5.178898695595482828e-05
6.109970231170277088e+01 5.074710039568899579e-05
6.140803331279470001e+01 4.972089587495071944e-05
6.171792026264967745e+01 4.870983098577369257e-05
6.202937101314294210e+01 4.771352352532423608e-05
6.234239345577310587e+01 4.673179037169998323e-05
6.265699552186212173e+01 4.576452771905998326e-05
6.297318518275623234e+01 4.481154855836179537e-05
6.329097045002794886e+01 4.387252225960160264e-05
6.361035937567905307e+01 4.294706575222242691e-05
6.393136005234460839e+01 4.203489862461190144e-05
6.425398061349802958e+01 4.113591490847750865e-05
6.457822923365712597e+01 4.025009407414517100e-05
6.490411412859128859e+01 3.937731472095426640e-05
6.523164355552960103e+01 3.851722823410050724e-05
6.556082581337008719e+01 3.766931277814550744e-05
6.589166924289001770e+01 3.683308176385598502e-05
6.622418222695716850e+01 3.600828472022228442e-05
6.655837319074228731e+01 3.519493565343958933e-05
6.689425060193256911e+01 3.439314645845589855e-05
6.723182297094619742e+01 3.360290740443939658e-05
6.757109885114793713e+01 3.282399486340246178e-05
6.791208683906593535e+01 3.205606618384991736e-05
6.825479557460948854e+01 3.129883542828619915e-05
6.859923374128797491e+01 3.055216123390828590e-05
6.894541006643088110e+01 2.981597284624477350e-05
6.929333332140892310e+01 2.909012330921863118e-05
6.964301232185626134e+01 2.837433349334791011e-05
6.999445592789398063e+01 2.766829736295612426e-05
7.034767304435445112e+01 2.697184519036101695e-05
7.070267262100703931e+01 2.628498772999568190e-05
7.105946365278485644e+01 2.560777584295931234e-05
7.141805518001268638e+01 2.494009799121811469e-05
7.177845628863599359e+01 2.428161099187076545e-05
7.214067611045122419e+01 2.363188002944745800e-05
7.250472382333711607e+01 2.299060481687749421e-05
7.287060865148727373e+01 2.235772479808810392e-05
7.323833986564390841e+01 2.173331700270607776e-05
7.360792678333270089e+01 2.111740871726880823e-05
7.397937876909891486e+01 2.050990462278797015e-05
7.435270523474467552e+01 1.991069026626436138e-05
7.472791563956739935e+01 1.931977665491607153e-05
7.510501949059954541e+01 1.873731561256971313e-05
7.548402634284947510e+01 1.816347614639330822e-05
7.586494579954349149e+01 1.759834286437691122e-05
7.624778751236928542e+01 1.704198218634100871e-05
7.663256118172039066e+01 1.649462820794716405e-05
7.701927655694198904e+01 1.595678435808470886e-05
7.740794343657799459e+01 1.542911342768840221e-05
7.779857166861924611e+01 1.491222624248569572e-05
7.819117115075312086e+01 1.440660077259271903e-05
7.858575183061421399e+01 1.391271975592536527e-05
7.898232370603649599e+01 1.343127322190998507e-05
7.938089682530657853e+01 1.296321288625920498e-05
7.978148128741834455e+01 1.250963156516528799e-05
8.018408724232878626e+01 1.207164915149002366e-05
8.058872489121525007e+01 1.165046352934205629e-05
8.099540448673386095e+01 1.124749820698076245e-05
8.140413633327932530e+01 1.086444527910292651e-05
8.181493078724602697e+01 1.050314583897113928e-05
8.222779825729041647e+01 1.016548006200894573e-05
8.264274920459477869e+01 9.853443395130277420e-06
8.305979414313226528e+01 9.569347092987055278e-06
8.347894363993327715e+01 9.315903468174218914e-06
8.390020831535325385e+01 9.096078580990090722e-06
8.432359884334179867e+01 8.912876671280942626e-06
8.474912595171302598e+01 8.769292337028752207e-06
8.517680042241750016e+01 8.668426003871685284e-06
8.560663309181532554e+01 8.613535377840088648e-06
8.603863485095078545e+01 8.607892780656237777e-06
8.647281664582830274e+01 8.654584250231636772e-06
8.690918947768972203e+01 8.756442853921435525e-06
8.734776440329311242e+01 8.916078754676747849e-06
8.778855253519290613e+01 9.135789142995647897e-06
8.823156504202150074e+01 9.417285799080693729e-06
8.867681314877215470e+01 9.761455707597225989e-06
8.912430813708351707e+01 1.016834557473524837e-05
8.957406134552540777e+01 1.063725223510046515e-05
9.002608416988613271e+01 1.116665971599334078e-05
9.048038806346126250e+01 1.175399954468009172e-05
9.093698453734374709e+01 1.239548178734344333e-05
9.139588516071569302e+01 1.308615156747322241e-05
9.185710156114141967e+01 1.382001390216095199e-05
9.232064542486209291e+01 1.459002980561276193e-05
9.278652849709186512e+01 1.538807287671928637e-05
9.325476258231545046e+01 1.620506499538607533e-05
9.372535954458720653e+01 1.703126212151731862e-05
9.419833130783176500e+01 1.785644075978614143e-05
9.467368985614616861e+01 1.866991873508408713e-05
9.515144723410350025e+01 1.946065657587069863e-05
9.563161554705807532e+01 2.021760564445292029e-05
9.611420696145216880e+01 2.093010318556585332e-05
9.659923370512430552e+01 2.158806353911733102e-05
9.708670806761901417e+01 2.218205310421111101e-05
9.757664240049834348e+01 2.270348973144140041e-05
9.806904911765467148e+01 2.314493379485319647e-05
9.856394069562540494e+01 2.350022945933756649e-05
9.906132967390897193e+01 2.376449033130032383e-05
9.956122865528263333e+01 2.393417521914283972e-05
1.000636503061217724e+02 2.400728299920345683e-05
1.005686073567208609e+02 2.398339280574685674e-05
1.010761126016159750e+02 2.386345414680149962e-05
1.015861788999090152e+02 2.364959684058292732e-05
1.020988191755935190e+02 2.334513516774272220e-05
1.026140464178821503e+02 2.295455007786456616e-05
1.031318736815357653e+02 2.248326106803246187e-05
1.036523140871942417e+02 2.193737428562258956e-05
1.041753808217088988e+02 2.132358915023630281e-05
1.047010871384766375e+02 2.064909385130346992e-05
1.052294463577757568e+02 1.992129134733868466e-05
1.057604718671034476e+02 1.914756594551459865e-05
1.062941771215150339e+02 1.833528211160434407e-05
1.068305756439648349e+02 1.749179094707293235e-05
1.073696810256488590e+02 1.662422411099733345e-05
1.079115069263491762e+02 1.573928618261290232e-05
1.084560670747799946e+02 1.484326968055147685e-05
1.090033752689355566e+02 1.394210545532616601e-05
1.095534453764397256e+02 1.304125871283057692e-05
1.101062913348973211e+02 1.214566440777426242e-05
1.106619271522474008e+02 1.125982760163822813e-05
1.112203669071180059e+02 1.038784345407318043e-05
1.117816247491830666e+02 9.533251624832240912e-06
1.123457148995207859e+02 8.699018723444943340e-06
1.129126516509740412e+02 7.887714734793791177e-06
1.134824493685125333e+02 7.101564576710174599e-06
1.140551224895967266e+02 6.342333780367444126e-06
1.146306855245436935e+02 5.611344334441139898e-06
1.152091530568947775e+02 4.909598635914491281e-06
1.157905397437851036e+02 4.237765420530481307e-06
1.163748603163149369e+02 3.596146480731477127e-06
1.169621295799229586e+02 2.984821977324772960e-06
1.175523624147614044e+02 2.403744418421712653e-06
1.181455737760731068e+02 1.852628515188326394e-06
1.187417786945703995e+02 1.330938049706112389e-06
1.193409922768159674e+02 8.380587172014968888e-07
1.199432297056056598e+02 3.733427958971446944e-07
1.205485062403531202e+02 -6.397212423820004962e-08
1.211568372174764789e+02 -4.747063094788926803e-07
1.217682380507869482e+02 -8.596740498100209871e-07
1.223827242318793367e+02 -1.219775996435084524e-06
1.230003113305245819e+02 -1.555993100971253897e-06
1.236210149950643000e+02 -1.869240257029763739e-06
1.242448509528072265e+02 -2.160401933149236849e-06
1.248718350104277448e+02 -2.430460488115858533e-06
1.255019830543663630e+02 -2.680422952034955810e-06
1.261353110512322928e+02 -2.911242327226711001e-06
1.267718350482079614e+02 -3.123888599882174759e-06
1.274115711734556413e+02 -3.319320085232069707e-06
1.280545356365260830e+02 -3.498406930398885369e-06
1.287007447287692230e+02 -3.662028151025665091e-06
1.293502148237470522e+02 -3.811096374947995465e-06
1.300029623776483731e+02 -3.946413495870970480e-06
1.306590039297058183e+02 -4.068693129995925736e-06
1.313183561026148993e+02 -4.178672454769071754e-06
1.319810356029553020e+02 -4.277051375682541265e-06
1.326470592216140005e+02 -4.364478021967288853e-06
1.333164438342108156e+02 -4.441622659292074849e-06
1.339892064015260758e+02 -4.509103565316231987e-06
1.346653639699301834e+02 -4.567469874974539023e-06
1.353449336718157099e+02 -4.617331710128348226e-06
1.360279327260313664e+02 -4.659308441666626820e-06
1.367143784383184197e+02 -4.693928224440721368e-06
1.374042882017490399e+02 -4.721709877997090105e-06
1.380976794971670927e+02 -4.743159770476353683e-06
1.387945698936310919e+02 -4.758717822325272853e-06
1.394949770488592549e+02 -4.768833311138524834e-06
1.401989187096770024e+02 -4.773919507536265744e-06
1.409064127124666186e+02 -4.774278080723666274e-06
1.416174769836191558e+02 -4.770222089909502113e-06
1.423321295399886424e+02 -4.762085072321443668e-06
1.430503884893486202e+02 -4.750135311623382719e-06
1.437722720308509565e+02 -4.734643964952919030e-06
1.444977984554869579e+02 -4.715875616679041417e-06
1.452269861465508143e+02 -4.694058823223376887e-06
1.459598535801054595e+02 -4.669478106100268292e-06
1.466964193254506199e+02 -4.642402660282828245e-06
1.474367020455933357e+02 -4.613023659939945773e-06
1.481807204977209267e+02 -4.581560068314699726e-06
1.489284935336762032e+02 -4.548218063807961766e-06
1.496800401004351215e+02 -4.513158494621187538e-06
1.504353792405868546e+02 -4.476546636921718826e-06
1.511945300928162794e+02 -4.438483952857168715e-06
1.519575118923890500e+02 -4.399063902960624802e-06
1.527243439716387172e+02 -4.358430651447906758e-06
1.534950457604568328e+02 -4.316674294521052985e-06
1.542696367867850995e+02 -4.273883223976289842e-06
1.550481366771102216e+02 -4.230177338484459141e-06
1.558305651569611712e+02 -4.185659497801903391e-06
1.566169420514090689e+02 -4.140469475736560282e-06
1.574072872855693674e+02 -4.094713046256269019e-06
1.582016208851068768e+02 -4.048458504419136998e-06
1.589999629767430349e+02 -4.001820365911976264e-06
1.598023337887659352e+02 -3.954867510475392282e-06
1.606087536515429122e+02 -3.907643020269656604e-06
1.614192429980355712e+02 -3.860188787765956640e-06
1.622338223643175752e+02 -3.812519615195131856e-06
1.630525123900949893e+02 -3.764696944817525350e-06
1.638753338192292404e+02 -3.716754535344092807e-06
1.647023075002626911e+02 -3.668715812824644484e-06
1.655334543869469712e+02 -3.620660453081378610e-06
1.663687955387737816e+02 -3.572648863760143683e-06
1.672083521215086250e+02 -3.524757130306558836e-06
1.680521454077270107e+02 -3.477037787145407054e-06
1.689001967773535000e+02 -3.429534197744124595e-06
1.697525277182034529e+02 -3.382318933171003844e-06
1.706091598265273888e+02 -3.335401441553350857e-06
1.714701148075583035e+02 -3.288802808720554183e-06
1.723354144760615441e+02 -3.242546675607863338e-06
1.732050807568875825e+02 -3.196662385587604180e-06
1.740791356855275751e+02 -3.151198165489382617e-06
1.749576014086716498e+02 -3.106177930729417969e-06
1.758405001847700362e+02 -3.061682975929865592e-06
1.767278543845971512e+02 -3.017779073641902677e-06
1.776196864918183280e+02 -2.974514037878235581e-06
1.785160191035595005e+02 -2.931927361983148474e-06
1.794168749309798727e+02 -2.890023778858333565e-06
1.803222767998472307e+02 -2.848801706052200722e-06
1.812322476511164098e+02 -2.808180493429280459e-06
1.821468105415104901e+02 -2.768089848540509337e-06
1.830659886441050901e+02 -2.728439534564228600e-06
1.839898052489154452e+02 -2.689134197613346375e-06
1.849182837634865848e+02 -2.650089274971535033e-06
1.858514477134863228e+02 -2.611240846480494924e-06
1.867893207433015448e+02 -2.572583111642029779e-06
1.877319266166370824e+02 -2.534096239447737410e-06
1.886792892171179972e+02 -2.495821265319828471e-06
1.896314325488946793e+02 -2.457805726167815667e-06
1.905883807372510432e+02 -2.420130358261442789e-06
1.915501580292158792e+02 -2.382857725081800457e-06
1.925167887941771312e+02 -2.346081168294166658e-06
1.934882975244994157e+02 -2.309895382413577053e-06
1.944647088361446379e+02 -2.274379532167345822e-06
1.954460474692956495e+02 -2.239614589176136688e-06
1.964323382889830896e+02 -2.205669167490541317e-06
1.974236062857155503e+02 -2.172592826307546846e-06
1.984198765761126140e+02 -2.140383449867502210e-06
1.994211744035413574e+02 -2.109031260695343691e-06
2.004275251387558967e+02 -2.078475075943643397e-06
2.014389542805403437e+02 -2.048626824875437841e-06
2.024554874563547742e+02 -2.019375199604332196e-06
2.034771504229845789e+02 -1.990620579894405650e-06
2.045039690671931965e+02 -1.962248648589111737e-06
2.055359694063778875e+02 -1.934169416495504176e-06
2.065731775892290614e+02 -1.906313911739058932e-06
2.076156198963927864e+02 -1.878621141401849615e-06
2.086633227411366818e+02 -1.851031614713718277e-06
2.097163126700192208e+02 -1.823499679791661758e-06
2.107746163635622452e+02 -1.795973391346762557e-06
2.118382606369272025e+02 -1.768396991668633697e-06
2.129072724405943120e+02 -1.740738715120457885e-06
2.139816788610456797e+02 -1.712983757877315434e-06
2.150615071214514842e+02 -1.685140169946520452e-06
2.161467845823597713e+02 -1.657252681430270057e-06
2.172375387423897166e+02 -1.629392038041350390e-06
2.183337972389283834e+02 -1.601629559725648273e-06
2.194355878488310339e+02 -1.574047814721878219e-06
2.205429384891248787e+02 -1.546719646909830973e-06
2.216558772177164087e+02 -1.519703180682706362e-06
2.227744322341024485e+02 -1.493061272918929169e-06
2.238986318800845368e+02 -1.466870166301833493e-06
2.250285046404871139e+02 -1.441215104699804021e-06
2.261640791438792917e+02 -1.416210394662019247e-06
2.273053841633001753e+02 -1.391977748503399236e-06
2.284524486169879083e+02 -1.368619891264320612e-06
2.296053015691124699e+02 -1.346209244878742254e-06
2.307639722305120529e+02 -1.324760294631650011e-06
2.319284899594332501e+02 -1.304214687473201056e-06
2.330988842622747939e+02 -1.284462818437980150e-06
2.342751847943353880e+02 -1.265348479243308493e-06
2.354574213605649220e+02 -1.246690798061362387e-06
2.366456239163198063e+02 -1.228314636577894899e-06
2.378398225681218889e+02 -1.210049343145605610e-06
2.390400475744212940e+02 -1.191739316689898446e-06
2.402463293463632112e+02 -1.173256569287278590e-06
2.414586984485582946e+02 -1.154496646208014806e-06
2.426771855998572107e+02 -1.135404208414191045e-06
2.439018216741289677e+02 -1.115989666648275590e-06
2.451326377010431656e+02 -1.096326586468815453e-06
2.463696648668562545e+02 -1.076554136000662231e-06
2.476129345152016867e+02 -1.056838718901474336e-06
2.488624781478841612e+02 -1.037328193767401787e-06
2.501183274256777622e+02 -1.018123527966055631e-06
2.513805141691281904e+02 -9.992515404345385748e-07
2.526490703593590013e+02 -9.806888635569628422e-07
2.539240281388820506e+02 -9.624092196957234012e-07
2.552054198124117192e+02 -9.444238249573753308e-07
2.564932778476836006e+02 -9.268194101205188793e-07
2.577876348762771954e+02 -9.097329851183909161e-07
2.590885236944424719e+02 -8.932904285578523963e-07
2.603959772639312860e+02 -8.775329397111637976e-07
2.617100287128320701e+02 -8.623481820619817009e-07
2.630307113364095812e+02 -8.474791207893728733e-07
2.643580585979484567e+02 -8.325910833077165123e-07
2.656921041296009207e+02 -8.173889362372357114e-07
2.670328817332393214e+02 -8.017446609414146467e-07
2.683804253813120795e+02 -7.857518983810488435e-07
2.697347692177050362e+02 -7.697101975508796843e-07
2.710959475586061558e+02 -7.540148750094497797e-07
2.724639948933752294e+02 -7.390114186644940186e-07
2.738389458854177860e+02 -7.248810348746158955e-07
2.752208353730632666e+02 -7.115851697078631906e-07
2.766096983704478021e+02 -6.989124965336326671e-07
2.780055700684014255e+02 -6.865725726020596358e-07
2.794084858353397181e+02 -6.743052306541829897e-07
2.808184812181599455e+02 -6.619537383491361566e-07
2.822355919431417988e+02 -6.494716522031650500e-07
2.836598539168524553e+02 -6.368978408023374458e-07
2.850913032270567555e+02 -6.243033082140322366e-07
2.865299761436311314e+02 -6.117679260639946350e-07
2.879759091194828216e+02 -5.993738954760799441e-07
2.894291387914735765e+02 -5.872176480771868614e-07
2.908897019813478551e+02 -5.754173367951524155e-07
2.923576356966658523e+02 -5.640949818407014094e-07
2.938329771317411883e+02 -5.533552248432719748e-07
2.953157636685833154e+02 -5.432547753064521867e-07
2.968060328778445864e+02 -5.338027164143754870e-07
2.983038225197725524e+02 -5.249685943435515377e-07
2.998091705451663529e+02 -5.167060642332981145e-07
3.013221150963385639e+02 -5.089595348225492247e-07
3.028426945080814221e+02 -5.016577852422986108e-07
3.043709473086383355e+02 -4.946991311967163349e-07
3.059069122206801126e+02 -4.879449998023623247e-07
3.074506281622858523e+02 -4.812382719347996042e-07
3.090021342479295186e+02 -4.744340239255098905e-07
3.105614697894704364e+02 -4.674348834477453503e-07
3.121286742971498143e+02 -4.602014875301646970e-07
3.137037874805916999e+02 -4.527436695494401878e-07
3.152868492498091086e+02 -4.450924318405608227e-07
3.168778997162152677e+02 -4.372805661007133264e-07
3.184769791936400907e+02 -4.293352785090768883e-07
3.200841281993513689e+02 -4.212872835069177992e-07
3.216993874550817054e+02 -4.131785660053993428e-07
3.233227978880599949e+02 -4.050620305995155278e-07
3.249544006320487028e+02 -3.969902679600902189e-07
3.265942370283860896e+02 -3.890041981603593617e-07
3.282423486270334365e+02 -3.811303192702481031e-07
3.298987771876281840e+02 -3.733869090336034855e-07
3.315635646805417309e+02 -3.657923632232821637e-07
3.332367532879432019e+02 -3.583660598965357728e-07
3.349183854048678768e+02 -3.511228266549793084e-07
3.366085036402917012e+02 -3.440660641157334460e-07
3.383071508182107436e+02 -3.371889962563484613e-07
3.400143699787263358e+02 -3.304820606274382132e-07
3.417302043791355572e+02 -3.239413930051772225e-07
3.434546974950273466e+02 -3.175691821563752008e-07
3.451878930213840135e+02 -3.113678701173313918e-07
3.469298348736884918e+02 -3.053335566909133174e-07
3.486805671890368217e+02 -2.994568452782040536e-07
