1.000000000000000000e+00 9.730792955784649603e-03
1.005046358483368207e+00 9.804033318161183355e-03
1.010118182700679101e+00 9.877582566922801441e-03
1.015215601161155057e+00 9.951436300541804253e-03
1.020338743022522365e+00 1.002559114002510299e-02
1.025487738094283285e+00 1.010004089249392015e-02
1.030662716841005411e+00 1.017478172357319695e-02
1.035863810385627248e+00 1.024980884948589917e-02
1.041091150512780894e+00 1.032511692454971507e-02
1.046344869672130473e+00 1.040070266270261105e-02
1.051625100981729233e+00 1.047655847790143410e-02
1.056931978231391289e+00 1.055267841149900437e-02
1.062265635886082471e+00 1.062905912251604565e-02
1.067626209089326705e+00 1.070569355195286412e-02
1.073013833666630834e+00 1.078257608793011836e-02
1.078428646128925861e+00 1.085970140851697137e-02
1.083870783676025740e+00 1.093706253875036810e-02
1.089340384200104150e+00 1.101465333478546249e-02
1.094837586289187925e+00 1.109246748440232723e-02
1.100362529230668684e+00 1.117049836325455583e-02
1.105915353014832236e+00 1.124873699947215311e-02
1.111496198338405739e+00 1.132717816758387237e-02
1.117105206608122181e+00 1.140581530006518941e-02
1.122742519944303963e+00 1.148464021035790032e-02
1.128408281184463124e+00 1.156364481619923112e-02
1.134102633886921119e+00 1.164282203688217845e-02
1.139825722334446567e+00 1.172216288550289101e-02
1.145577691537910336e+00 1.180166065226294185e-02
1.151358687239959933e+00 1.188130637733640117e-02
1.157168855918712991e+00 1.196109104541914596e-02
1.163008344791467863e+00 1.204100699918262893e-02
1.168877301818434189e+00 1.212104344233287320e-02
1.174775875706482120e+00 1.220119253250557222e-02
1.180704215912909749e+00 1.228144566868556199e-02
1.186662472649230526e+00 1.236179176911807696e-02
1.192650796884978659e+00 1.244222209526557946e-02
1.198669340351534940e+00 1.252272702774194675e-02
1.204718255545971228e+00 1.260329669639525911e-02
1.210797695734914026e+00 1.268391916176976782e-02
1.216907814958428702e+00 1.276458466771023675e-02
1.223048768033921041e+00 1.284528321596261659e-02
1.229220710560062102e+00 1.292600264721103197e-02
1.235423798920728844e+00 1.300673280735672142e-02
1.241658190288967178e+00 1.308746226619452932e-02
1.247924042630975672e+00 1.316817890156881873e-02
1.254221514710105456e+00 1.324887131449610858e-02
1.260550766090885677e+00 1.332952733201412353e-02
1.266911957143064704e+00 1.341013472431849818e-02
1.273305249045674215e+00 1.349068175821866410e-02
1.279730803791113036e+00 1.357115480222439129e-02
1.286188784189251866e+00 1.365154084371282724e-02
1.292679353871558412e+00 1.373182771610709577e-02
1.299202677295242969e+00 1.381200095695112907e-02
1.305758919747426416e+00 1.389204825334854412e-02
1.312348247349327535e+00 1.397195530047228192e-02
1.318970827060472084e+00 1.405170799039400301e-02
1.325626826682923864e+00 1.413129246512846542e-02
1.332316414865535759e+00 1.421069449776808484e-02
1.339039761108222981e+00 1.428989924367170955e-02
1.345797035766258753e+00 1.436889089359045558e-02
1.352588410054589740e+00 1.444765560985609640e-02
1.359414056052174136e+00 1.452617778133670316e-02
1.366274146706342840e+00 1.460444184579747645e-02
1.373168855837181068e+00 1.468243196282890961e-02
1.380098358141931936e+00 1.476013253948446971e-02
1.387062829199424030e+00 1.483752683815603782e-02
1.394062445474519185e+00 1.491459914072809992e-02
1.401097384322584460e+00 1.499133247082576510e-02
1.408167823993985657e+00 1.506771003251840615e-02
1.415273943638603926e+00 1.514371527730329174e-02
1.422415923310374586e+00 1.521932993583498088e-02
1.429593943971849690e+00 1.529453746108505596e-02
1.436808187498783917e+00 1.536932018474148828e-02
1.444058836684741109e+00 1.544365991355852591e-02
1.451346075245728118e+00 1.551753900306101185e-02
1.458670087824847306e+00 1.559093909024700415e-02
1.466031059996977692e+00 1.566384199223370965e-02
1.473429178273474749e+00 1.573622865380111188e-02
1.480864630106897284e+00 1.580808065997784534e-02
1.488337603895756978e+00 1.587937896350716943e-02
1.495848288989292341e+00 1.595010406104198711e-02
1.503396875692265100e+00 1.602023724724987649e-02
1.510983555269783896e+00 1.608975881926800328e-02
1.518608519952149516e+00 1.615864898310221884e-02
1.526271962939725224e+00 1.622688807512289236e-02
1.533974078407833064e+00 1.629445599657908944e-02
1.541715061511673257e+00 1.636133274246237210e-02
1.549495108391269138e+00 1.642749823033419140e-02
1.557314416176436955e+00 1.649293170417074142e-02
1.565173182991780543e+00 1.655761273371579578e-02
1.573071607961711527e+00 1.662152082164798650e-02
1.581009891215494623e+00 1.668463474095021465e-02
1.588988233892318913e+00 1.674693427273588053e-02
1.597006838146393548e+00 1.680839797496116658e-02
1.605065907152070759e+00 1.686900481853983655e-02
1.613165645108992630e+00 1.692873374584010979e-02
1.621306257247266291e+00 1.698756358080453707e-02
1.629487949832663984e+00 1.704547284546649444e-02
1.637710930171848212e+00 1.710243984702889547e-02
1.645975406617625758e+00 1.715844362682556259e-02
1.654281588574225914e+00 1.721346240353469406e-02
1.662629686502607340e+00 1.726747474541664995e-02
1.671019911925789581e+00 1.732045900821618800e-02
1.679452477434213442e+00 1.737239369900921843e-02
1.687927596691127130e+00 1.742325697881886432e-02
1.696445484438000806e+00 1.747302750306575087e-02
1.705006356499966014e+00 1.752168350902278543e-02
1.713610429791286416e+00 1.756920354473128290e-02
1.722257922320851842e+00 1.761556620452646091e-02
1.730949053197703646e+00 1.766074963389586278e-02
1.739684042636586048e+00 1.770473278625256039e-02
1.748463111963525440e+00 1.774749415479237938e-02
1.757286483621438800e+00 1.778901251942664047e-02
1.766154381175770061e+00 1.782926684662303890e-02
1.775067029320154255e+00 1.786823598052365500e-02
1.784024653882111178e+00 1.790589913407798078e-02
1.793027481828767034e+00 1.794223544962007116e-02
1.802075741272606058e+00 1.797722444903166253e-02
1.811169661477249004e+00 1.801084555742023599e-02
1.820309472863263833e+00 1.804307852785585684e-02
1.829495407014002817e+00 1.807390355909389498e-02
1.838727696681470958e+00 1.810330069052859536e-02
1.848006575792223494e+00 1.813125034341685898e-02
1.857332279453292712e+00 1.815773324216108861e-02
1.866705043958145405e+00 1.818273024354406797e-02
1.876125106792669861e+00 1.820622264745993743e-02
1.885592706641193050e+00 1.822819204036304347e-02
1.895108083392528897e+00 1.824862019808195721e-02
1.904671478146056307e+00 1.826748940100120580e-02
1.914283133217828059e+00 1.828478218294186594e-02
1.923943292146710560e+00 1.830048135078882893e-02
1.933652199700554464e+00 1.831457048685132191e-02
1.943410101882396823e+00 1.832703315749573125e-02
1.953217245936694324e+00 1.833785363036098681e-02
1.963073880355588052e+00 1.834701656795966612e-02
1.972980254885198903e+00 1.835450712270958462e-02
1.982936620531956740e+00 1.836031084389954521e-02
1.992943229568959751e+00 1.836441379830344028e-02
2.003000335542366006e+00 1.836680280922546246e-02
2.013108193277819424e+00 1.836746496710745663e-02
2.023267058886905279e+00 1.836638816273886837e-02
2.033477189773638560e+00 1.836356075269335308e-02
2.043738844640988095e+00 1.835897177458748961e-02
2.054052283497431297e+00 1.835261079323138519e-02
2.064417767663540459e+00 1.834446819892426861e-02
2.074835559778605454e+00 1.833453492367217302e-02
2.085305923807287964e+00 1.832280273021457198e-02
2.095829125046310804e+00 1.830926402979169212e-02
2.106405430131178314e+00 1.829391188821714170e-02
2.117035107042933628e+00 1.827674036069327698e-02
2.127718425114947909e+00 1.825774404701932530e-02
2.138455655039745551e+00 1.823691853449324954e-02
2.149247068875862254e+00 1.821426018906522129e-02
2.160092940054737731e+00 1.818976614748032267e-02
2.170993543387647051e+00 1.816343453277422665e-02
2.181949155072658630e+00 1.813526428543012214e-02
2.192960052701637519e+00 1.810525530061905114e-02
2.204026515267275776e+00 1.807340829956535430e-02
2.215148823170163261e+00 1.803972504922306264e-02
2.226327258225891281e+00 1.800420832379919303e-02
2.237562103672193103e+00 1.796686177095487003e-02
2.248853644176122657e+00 1.792769010322686415e-02
2.260202165841263877e+00 1.788669905353807571e-02
2.271607956214984458e+00 1.784389534662471008e-02
2.283071304295716253e+00 1.779928683294990099e-02
2.294592500540283631e+00 1.775288240966101105e-02
2.306171836871258041e+00 1.770469203926766655e-02
2.317809606684357870e+00 1.765472683827405687e-02
2.329506104855882054e+00 1.760299897156837948e-02
2.341261627750179208e+00 1.754952175217765892e-02
2.353076473227160736e+00 1.749430973300240832e-02
2.364950940649844568e+00 1.743737848276877972e-02
2.376885330891942427e+00 1.737874484179944418e-02
2.388879946345482619e+00 1.731842677882970347e-02
2.400935090928471016e+00 1.725644347906639398e-02
2.413051070092594230e+00 1.719281528755052871e-02
2.425228190830956532e+00 1.712756376980070772e-02
2.437466761685860295e+00 1.706071172905756009e-02
2.449767092756621523e+00 1.699228309708938900e-02
2.462129495707430227e+00 1.692230314424355425e-02
2.474554283775244112e+00 1.685079827815418041e-02
2.487041771777728449e+00 1.677779615892641824e-02
2.499592276121230139e+00 1.670332563836169487e-02
2.512206114808796187e+00 1.662741683080416755e-02
2.524883607448230816e+00 1.655010103255635801e-02
2.537625075260194318e+00 1.647141080076862732e-02
2.550430841086341438e+00 1.639137986161646326e-02
2.563301229397501491e+00 1.631004312946902901e-02
2.576236566301899344e+00 1.622743677818225608e-02
2.589237179553420365e+00 1.614359808343649935e-02
2.602303398559912218e+00 1.605856557167416668e-02
2.615435554391532857e+00 1.597237887700497794e-02
2.628633979789138930e+00 1.588507876607606062e-02
2.641899009172717694e+00 1.579670716899937710e-02
2.655230978649858464e+00 1.570730710428999005e-02
2.668630226024270247e+00 1.561692267950058957e-02
2.682097090804340667e+00 1.552559902684130279e-02
2.695631914211737978e+00 1.543338236029206251e-02
2.709235039190058369e+00 1.534031989752844376e-02
2.722906810413513679e+00 1.524645981338989403e-02
2.736647574295664853e+00 1.515185125445678120e-02
2.750457678998200706e+00 1.505654428086767790e-02
2.764337474439758413e+00 1.496058981534358241e-02
2.778287312304790202e+00 1.486403965851359511e-02
2.792307546052473555e+00 1.476694639356035572e-02
2.806398530925668489e+00 1.466936337532806847e-02
2.820560623959917024e+00 1.457134469427079013e-02
2.834794183992491501e+00 1.447294508274032075e-02
2.849099571671484643e+00 1.437421992673559683e-02
2.863477149464949800e+00 1.427522520527130419e-02
2.877927281670082937e+00 1.417601739342667748e-02
2.892450334422455693e+00 1.407665347423627672e-02
2.907046675705289296e+00 1.397719081707373204e-02
2.921716675358782211e+00 1.387768717145420813e-02
2.936460705089476875e+00 1.377820058286164176e-02
2.951279138479682818e+00 1.367878933511464806e-02
2.966172350996937102e+00 1.357951188546996021e-02
2.981140720003522482e+00 1.348042678199272947e-02
2.996184624766026428e+00 1.338159265589555780e-02
3.011304446464952100e+00 1.328306807765021816e-02
3.026500568204374630e+00 1.318491153129808247e-02
3.041773375021651571e+00 1.308718131879365795e-02
3.057123253897175541e+00 1.298993550909574406e-02
3.072550593764181492e+00 1.289323183429766199e-02
3.088055785518601049e+00 1.279712764037604054e-02
3.103639222028967026e+00 1.270167978243905149e-02
3.119301298146367252e+00 1.260694455838116089e-02
3.135042410714449446e+00 1.251297763864479655e-02
3.150862958579477180e+00 1.241983394468489967e-02
3.166763342600435571e+00 1.232756762996903462e-02
3.182743965659186713e+00 1.223623193008782813e-02
3.198805232670679732e+00 1.214587911064366442e-02
3.214947550593209691e+00 1.205656038773900152e-02
3.231171328438729784e+00 1.196832582695270958e-02
3.247476977283212385e+00 1.188122426457993534e-02
3.263864910277068265e+00 1.179530320786273227e-02
3.280335542655612890e+00 1.171060878018150356e-02
3.296889291749586892e+00 1.162718560619956792e-02
3.313526576995733386e+00 1.154507673475766404e-02
3.330247819947421473e+00 1.146432356464508438e-02
3.347053444285331469e+00 1.138496575069169667e-02
3.363943875828187657e+00 1.130704111771256397e-02
3.380919542543547429e+00 1.123058559116086978e-02
3.397980874558647280e+00 1.115563310466559724e-02
3.415128304171298979e+00 1.108221553227031059e-02
3.432362265860844808e+00 1.101036260574760756e-02
3.449683196299164312e+00 1.094010183383764372e-02
3.467091534361741445e+00 1.087145844500255094e-02
3.484587721138781458e+00 1.080445530835744475e-02
3.502172199946390840e+00 1.073911286274399635e-02
3.519845416337806565e+00 1.067544907110559889e-02
3.537607818114687497e+00 1.061347933142844056e-02
3.555459855338459985e+00 1.055321644116094873e-02
3.573401980341722073e+00 1.049467053663535009e-02
3.591434647739704111e+00 1.043784904431135745e-02
3.609558314441787985e+00 1.038275662842440446e-02
3.627773439663083188e+00 1.032939515588898564e-02
3.646080484936065069e+00 1.027776367314015005e-02
3.664479914122265036e+00 1.022785834579076694e-02
3.682972193424028262e+00 1.017967245510453464e-02
3.701557791396322905e+00 1.013319636726071026e-02
3.720237178958613278e+00 1.008841752329294600e-02
3.739010829406792524e+00 1.004532042128342476e-02
3.757879218425175250e+00 1.000388662225870119e-02
3.776842824098547879e+00 9.964094743968495912e-03
3.795902126924285636e+00 9.925920478109242703e-03
3.815057609824525464e+00 9.889336601634055382e-03
3.834309758158401582e+00 9.854312993090232065e-03
3.853659059734345860e+00 9.820816681226599010e-03
3.873106004822444604e+00 9.788811858935519625e-03
3.892651086166864616e+00 9.758259939453770015e-03
3.912294798998335210e+00 9.729119607232607561e-03
3.932037641046697729e+00 9.701346872363268009e-03
3.951880112553516788e+00 9.674895136895674680e-03
3.971822716284755028e+00 9.649715269047154029e-03
3.991865957543513144e+00 9.625755689614247379e-03
4.012010344182831645e+00 9.602962450791951987e-03
4.032256386618558786e+00 9.581279341882869074e-03
4.052604597842287326e+00 9.560647992588296520e-03
4.073055493434345919e+00 9.541007978570928069e-03
4.093609591576867324e+00 9.522296945556297729e-03
4.114267413066918344e+00 9.504450738253140268e-03
4.135029481329693724e+00 9.487403527773085807e-03
4.155896322431779311e+00 9.471087960908515513e-03
4.176868465094481842e+00 9.455435303687842116e-03
4.197946440707224447e+00 9.440375594714679394e-03
4.219130783341012325e+00 9.425837814141913018e-03
4.240422029761965028e+00 9.411750042889542589e-03
4.261820719444915362e+00 9.398039641358624588e-03
4.283327394587081116e+00 9.384633432821769608e-03
4.304942600121798968e+00 9.371457877757656194e-03
4.326666883732336544e+00 9.358439271047630167e-03
4.348500795865766655e+00 9.345503933442215680e-03
4.370444889746917916e+00 9.332578408808741427e-03
4.392499721392384870e+00 9.319589663453274608e-03
4.414665849624626048e+00 9.306465293215198525e-03
4.436943836086114423e+00 9.293133731391100757e-03
4.459334245253575801e+00 9.279524447943235388e-03
4.481837644452285829e+00 9.265568167666446767e-03
4.504454603870446050e+00 9.251197073440409202e-03
4.527185696573634566e+00 9.236345015450354509e-03
4.550031498519322426e+00 9.220947720144159754e-03
4.572992588571467287e+00 9.204942996724793658e-03
4.596069548515185232e+00 9.188270935992911767e-03
4.619262963071484762e+00 9.170874115427380194e-03
4.642573419912088717e+00 9.152697790066888217e-03
4.666001509674321923e+00 9.133690082912468422e-03
4.689547825976075224e+00 9.113802175515007750e-03
4.713212965430850332e+00 9.092988475652737448e-03
4.736997527662873075e+00 9.071206795958361782e-03
4.760902115322289241e+00 9.048418510919980715e-03
4.784927334100430585e+00 9.024588708921576011e-03
4.809073792745168774e+00 8.999686335798418382e-03
4.833342103076332386e+00 8.973684323345146666e-03
4.857732880001211839e+00 8.946559710932394313e-03
4.882246741530142486e+00 8.918293748578295585e-03
4.906884308792159644e+00 8.888871992815688614e-03
4.931646206050738890e+00 8.858284383881783255e-03
4.956533060719613637e+00 8.826525307203477930e-03
4.981545503378670858e+00 8.793593643271657018e-03
5.006684167789930306e+00 8.759492798524035756e-03
5.031949690913602780e+00 8.724230718006589433e-03
5.057342712924226547e+00 8.687819885979976287e-03
5.082863877226891702e+00 8.650277301966682181e-03
5.108513830473540906e+00 8.611624441310958278e-03
5.134293222579354499e+00 8.571887200309826274e-03
5.160202706739218215e+00 8.531095814809042110e-03
5.186242939444270839e+00 8.489284768105247528e-03
5.212414580498543337e+00 8.446492675102034928e-03
5.238718293035674378e+00 8.402762145243377473e-03
5.265154743535711113e+00 8.358139633049519596e-03
5.291724601841998776e+00 8.312675261880120292e-03
5.318428541178152003e+00 8.266422635919527806e-03
5.345267238165114065e+00 8.219438629228133925e-03
5.372241372838297835e+00 8.171783160096986187e-03
5.399351628664822655e+00 8.123518948053135708e-03
5.426598692560823167e+00 8.074711251617192401e-03
5.453983254908862044e+00 8.025427596532646105e-03
5.481506009575419114e+00 7.975737482301910319e-03
5.509167653928473740e+00 7.925712081498451772e-03
5.536968888855173354e+00 7.875423923824160718e-03
5.564910418779592582e+00 7.824946571160434211e-03
5.592992951680585634e+00 7.774354281111001477e-03
5.621217199109716844e+00 7.723721664878216951e-03
5.649583876209299582e+00 7.673123336991106470e-03
5.678093701730507981e+00 7.622633561160102079e-03
5.706747398051595255e+00 7.572325896084503884e-03
5.735545691196191953e+00 7.522272834137954008e-03
5.764489310851705461e+00 7.472545448791455963e-03
5.793578990387807437e+00 7.423213037819702785e-03
5.822815466875014501e+00 7.374342776925354656e-03
5.852199481103366629e+00 7.325999377874820549e-03
5.881731777601195255e+00 7.278244755925628202e-03
5.911413104653989059e+00 7.231137709999642740e-03
5.941244214323353923e+00 7.184733614149922329e-03
5.971225862466067014e+00 7.139084127578054426e-03
6.001358808753229468e+00 7.094236919066817734e-03
6.031643816689517656e+00 7.050235412509688049e-03
6.062081653632524159e+00 7.007118553164357749e-03
6.092673090812203540e+00 6.964920598226261375e-03
6.123418903350412279e+00 6.923670931245570065e-03
6.154319870280551719e+00 6.883393904653612241e-03
6.185376774567303393e+00 6.844108708813603087e-03
6.216590403126469155e+00 6.805829271640697134e-03
6.247961546844911673e+00 6.768564188807235822e-03
6.279491000600590844e+00 6.732316684935757758e-03
6.311179563282705907e+00 6.697084609064037769e-03
6.343028037811937025e+00 6.662860461658066426e-03
6.375037231160791684e+00 6.629631455650208081e-03
6.407207954374047887e+00 6.597379612145394708e-03
6.439541022589307495e+00 6.566081888173071202e-03
6.472037255057648153e+00 6.535710339933481668e-03
6.504697475164383569e+00 6.506232317386973288e-03
6.537522510449922386e+00 6.477610691732390950e-03
6.570513192630741628e+00 6.449804113980225385e-03
6.603670357620456954e+00 6.422767302923211054e-03
6.636994845551001276e+00 6.396451362347731727e-03
6.670487500793918834e+00 6.370804122701901467e-03
6.704149171981751643e+00 6.345770509102526338e-03
6.737980712029546737e+00 6.321292930140496799e-03
6.771982978156468214e+00 6.297311687263610486e-03
6.806156831907513194e+00 6.273765399914799784e-03
6.840503139175344138e+00 6.250591445290307885e-03
6.875022770222227741e+00 6.227726408145859392e-03
6.909716599702088402e+00 6.205106538470076850e-03
6.944585506682664722e+00 6.182668213587006259e-03
6.979630374667788573e+00 6.160348399746597321e-03
7.014852091619767194e+00 6.138085111765609510e-03
7.050251549981886079e+00 6.115817864501510263e-03
7.085829646701016671e+00 6.093488115018164467e-03
7.121587283250348399e+00 6.071039689877829638e-03
7.157525365652225524e+00 6.048419194645964468e-03
7.193644804501107437e+00 6.025576401662202132e-03
7.229946514986639095e+00 6.002464613027517527e-03
7.266431416916839581e+00 5.979040995714520086e-03
7.303100434741411462e+00 5.955266883905220576e-03
7.339954497575158499e+00 5.931108047601170441e-03
7.376994539221533032e+00 5.906534923600902966e-03
7.414221498196294391e+00 5.881522806997821137e-03
7.451636317751288097e+00 5.856052000499610381e-03
7.489239945898345852e+00 5.830107920336495553e-03
7.527033335433309880e+00 5.803681156904015592e-03
7.565017443960169174e+00 5.776767489325916952e-03
7.603193233915325422e+00 5.749367853091949532e-03
7.641561672591981491e+00 5.721488261043808365e-03
7.680123732164647166e+00 5.693139677998768945e-03
7.718880389713773660e+00 5.664337849113036151e-03
7.757832627250509816e+00 5.635103083963069817e-03
7.796981431741586199e+00 5.605459997812701524e-03
7.836327795134319096e+00 5.575437212114635679e-03
7.875872714381749518e+00 5.545067017511908468e-03
7.915617191467897662e+00 5.514385001874165873e-03
7.955562233433155939e+00 5.483429646989682917e-03
7.995708852399805444e+00 5.452241898396712957e-03
8.036058065597654121e+00 5.420864712479222386e-03
8.076610895389823241e+00 5.389342585481985901e-03
8.117368369298636921e+00 5.357721069038965701e-03
8.158331520031671502e+00 5.326046278253705746e-03
8.199501385507913298e+00 5.294364397425373181e-03
8.240879008884061108e+00 5.262721188855763212e-03
8.282465438580953077e+00 5.231161510411936472e-03
8.324261728310139219e+00 5.199728847605166425e-03
8.366268937100574732e+00 5.168464865354402069e-03
8.408488129325451865e+00 5.137408985307167011e-03
8.450920374729173901e+00 5.106597993383588108e-03
8.493566748454457027e+00 5.076065682750453660e-03
8.536428331069574327e+00 5.045842536551196737e-03
8.579506208595731209e+00 5.015955453982584057e-03
8.622801472534588285e+00 4.986427523856692273e-03
8.666315219895913913e+00 4.957277848263360112e-03
8.710048553225377077e+00 4.928521418382096272e-03
8.754002580632494812e+00 4.900169044086029324e-03
8.798178415818696863e+00 4.872227338569405826e-03
8.842577178105550217e+00 4.844698757623470617e-03
8.887199992463120424e+00 4.817581692731547939e-03
8.932047989538476784e+00 4.790870617075182643e-03
8.977122305684336112e+00 4.764556281657311709e-03
9.022424082987859251e+00 4.738625958541639940e-03
9.067954469299591480e+00 4.713063727803413865e-03
9.113714618262536149e+00 4.687850803342556022e-03
9.159705689341402390e+00 4.662965892690087467e-03
9.205928847851966523e+00 4.638385584961253992e-03
9.252385264990607538e+00 4.614084760971734478e-03
9.299076117863984692e+00 4.590037018981404926e-03
9.346002589518853654e+00 4.566215109473688999e-03
9.393165868972053190e+00 4.542591371513550295e-03
9.440567151240623289e+00 4.519138164266332976e-03
9.488207637372093828e+00 4.495828286322680299e-03
9.536088534474904677e+00 4.472635376228804166e-03
9.584211055749003449e+00 4.449534288025738457e-03
9.632576420516572924e+00 4.426501435513938501e-03
9.681185854252939649e+00 4.403515099759616573e-03
9.730040588617612229e+00 4.380555695407261675e-03
9.779141861485499021e+00 4.357605991697040097e-03
9.828490916978267933e+00 4.334651284783642110e-03
9.878089005495867880e+00 4.311679519046889356e-03
9.927937383748217215e+00 4.288681356510237047e-03
9.978037314787043144e+00 4.265650193695715020e-03
1.002839006803788280e+01 4.242582126587242375e-03
1.007899691933225128e+01 4.219475865647763849e-03
1.012985915093996603e+01 4.196332603315039954e-03
1.018097805160163638e+01 4.173155837661928109e-03
1.023235491656132012e+01 4.149951156867289805e-03
1.028399104759934346e+01 4.126725989389781399e-03
1.033588775306527907e+01 4.103489326274096377e-03
1.038804634791110182e+01 4.080251421813100091e-03
1.044046815372450432e+01 4.057023479360845168e-03
1.049315449876238659e+01 4.033817329940059086e-03
1.054610671798450916e+01 4.010645110687945970e-03
1.059932615308731663e+01 3.987518950522278734e-03
1.065281415253793540e+01 3.964450670211549892e-03
1.070657207160834012e+01 3.941451503575455970e-03
1.076060127240969244e+01 3.918531846009401694e-03
1.081490312392686093e+01 3.895701035914444707e-03
1.086947900205309381e+01 3.872967173942960025e-03
1.092433028962489594e+01 3.850336983550745832e-03
1.097945837645706035e+01 3.827815715786864279e-03
1.103486465937788275e+01 3.805407100096136475e-03
1.109055054226455361e+01 3.783113341339283068e-03
1.114651743607873335e+01 3.760935162355112400e-03
1.120276675890230145e+01 3.738871890092180898e-03
1.125929993597328327e+01 3.716921582045791539e-03
1.131611839972196876e+01 3.695081188759504788e-03
1.137322358980720338e+01 3.673346747115879656e-03
1.143061695315287096e+01 3.651713597889405093e-03
1.148829994398454524e+01 3.630176621016177434e-03
1.154627402386634927e+01 3.608730480560433124e-03
1.160454066173798182e+01 3.587369871714084571e-03
1.166310133395193382e+01 3.566089761888489515e-03
1.172195752431090376e+01 3.544885617691024855e-03
1.178111072410539251e+01 3.523753610366207357e-03
1.184056243215148108e+01 3.502690792702892620e-03
1.190031415482881982e+01 3.481695241347983194e-03
1.196036740611878635e+01 3.460766159233792921e-03
1.202072370764285303e+01 3.439903934325298784e-03
1.208138458870114285e+01 3.419110152434396647e-03
1.214235158631116818e+01 3.398387562903908924e-03
1.220362624524678807e+01 3.377739997995362828e-03
1.226521011807734318e+01 3.357172248305897392e-03
1.232710476520699672e+01 3.336689897990962727e-03
1.238931175491426728e+01 3.316299125275553369e-03
1.245183266339177131e+01 3.296006474970153248e-03
1.251466907478615909e+01 3.275818610815818283e-03
1.257782258123825159e+01 3.255742056600818488e-03
1.264129478292338327e+01 3.235782935340144294e-03
1.270508728809194565e+01 3.215946716112031561e-03
1.276920171311014229e+01 3.196237978449044219e-03
1.283363968250093556e+01 3.176660203121964548e-03
1.289840282898521373e+01 3.157215598017116837e-03
1.296349279352316408e+01 3.137904966259734939e-03
1.302891122535584145e+01 3.118727622479905686e-03
1.309465978204696590e+01 3.099681361425023554e-03
1.316074012952491934e+01 3.080762481276833401e-03
1.322715394212495177e+01 3.061965862005028381e-03
1.329390290263160956e+01 3.043285096815014079e-03
1.336098870232137870e+01 3.024712673047422196e-03
1.342841304100552335e+01 3.006240196675059352e-03
1.349617762707317326e+01 2.987858652762298995e-03
1.356428417753459925e+01 2.969558692814408020e-03
1.363273441806471631e+01 2.951330938719170811e-03
1.370153008304682274e+01 2.933166292027780068e-03
1.377067291561653128e+01 2.915056237073984213e-03
1.384016466770594000e+01 2.896993126362093149e-03
1.391000710008803054e+01 2.878970437029980574e-03
1.398020198242127066e+01 2.860982988471535288e-03
1.405075109329446370e+01 2.843027112038406905e-03
1.412165622027180412e+01 2.825100765962052125e-03
1.419291915993818165e+01 2.807203590461392322e-03
1.426454171794469516e+01 2.789336900283268406e-03
1.433652570905440449e+01 2.771503614521575801e-03
1.440887295718831673e+01 2.753708126017548937e-03
1.448158529547159823e+01 2.735956115225950201e-03
1.455466456628002092e+01 2.718254315667539660e-03
1.462811262128664680e+01 2.700610240350466082e-03
1.470193132150874149e+01 2.683031880313978181e-03
1.477612253735493297e+01 2.665527387602143958e-03
1.485068814867260123e+01 2.648104756100618830e-03
1.492563004479551125e+01 2.630771513700958138e-03
1.500095012459167876e+01 2.613534438993275581e-03
1.507665029651149524e+01 2.596399314765184072e-03
1.515273247863607153e+01 2.579370728981200591e-03
1.522919859872584603e+01 2.562451931828364348e-03
1.530605059426942383e+01 2.545644754934006052e-03
1.538329041253267881e+01 2.528949595796007536e-03
1.546092001060807775e+01 2.512365467427433042e-03
1.553894135546428679e+01 2.495890110052488998e-03
1.561735642399599477e+01 2.479520158346568311e-03
1.569616720307401181e+01 2.463251355186837910e-03
1.577537568959560943e+01 2.447078800182158481e-03
1.585498389053512014e+01 2.430997219542593586e-03
1.593499382299478739e+01 2.415001242728711216e-03
1.601540751425587672e+01 2.399085670950419375e-03
1.609622700183004085e+01 2.383245723128695360e-03
1.617745433351094420e+01 2.367477246168930502e-03
1.625909156742616091e+01 2.351776878695573201e-03
1.634114077208930027e+01 2.336142160015947360e-03
1.642360402645244832e+01 2.320571579471243130e-03
1.650648341995881552e+01 2.305064564921016548e-03
1.658978105259570057e+01 2.289621412892492262e-03
1.667349903494768526e+01 2.274243166413110299e-03
1.675763948825012761e+01 2.258931449928501620e-03
1.684220454444288251e+01 2.243688273252171083e-03
1.692719634622435265e+01 2.228515818451903829e-03
1.701261704710576339e+01 2.213416224671595298e-03
1.709846881146571818e+01 2.198391385762599008e-03
1.718475381460506313e+01 2.183442774885213135e-03
1.727147424280198962e+01 2.168571308224573682e-03
1.735863229336742819e+01 2.153777257303461472e-03
1.744623017470073023e+01 2.139060216056803444e-03
1.753427010634562677e+01 2.124419124923443338e-03
1.762275431904645373e+01 2.109852350270728389e-03
1.771168505480468625e+01 2.095357813387786761e-03
1.780106456693574657e+01 2.080933159718477681e-03
1.789089512012608552e+01 2.066575955843728569e-03
1.798117899049058366e+01 2.052283899430221506e-03
1.807191846563020832e+01 2.038055026139404865e-03
1.816311584468997964e+01 2.023887897180642534e-03
1.825477343841722799e+01 2.009781752228963995e-03
1.834689356922014980e+01 1.995736614543153035e-03
1.843947857122663692e+01 1.981753338260801474e-03
1.853253079034343287e+01 1.967833591928758175e-03
1.862605258431556265e+01 1.953979776988910497e-03
1.872004632278608582e+01 1.940194884901641883e-03
1.881451438735612314e+01 1.926482301524461843e-03
1.890945917164521006e+01 1.912845571879315861e-03
1.900488308135194515e+01 1.899288141995303164e-03
1.910078853431494750e+01 1.885813097169473929e-03
1.919717796057410908e+01 1.872422916882027005e-03
1.929405380243218104e+01 1.859119266166677897e-03
1.939141851451664422e+01 1.845902840983546650e-03
1.948927456384191714e+01 1.832773281421194722e-03
1.958762442987185537e+01 1.819729161467462195e-03
1.968647060458256703e+01 1.806768058086675706e-03
1.978581559252558009e+01 1.793886695942366848e-03
1.988566191089127955e+01 1.781081157695558765e-03
1.998601208957269648e+01 1.768347144180789894e-03
2.008686867122961317e+01 1.755680264272277587e-03
2.018823421135297380e+01 1.743076331441615126e-03
2.029011127832965755e+01 1.730531643108346521e-03
2.039250245350754298e+01 1.718043220127570513e-03
2.049541033126090639e+01 1.705608986933502104e-03
2.059883751905617544e+01 1.693227877863169150e-03
2.070278663751798831e+01 1.680899861509547533e-03
2.080726032049558683e+01 1.668625881991581952e-03
2.091226121512957192e+01 1.656407723363453920e-03
2.101779198191895048e+01 1.644247810027531535e-03
2.112385529478857293e+01 1.632148961680962010e-03
2.123045384115687284e+01 1.620114125252861007e-03
2.133759032200395112e+01 1.608146108192167649e-03
2.144526745194002970e+01 1.596247337159217286e-03
2.155348795927422856e+01 1.584419663583872201e-03
2.166225458608368371e+01 1.572664232935744354e-03
2.177157008828304896e+01 1.560981428258486530e-03
2.188143723569429966e+01 1.549370891123677454e-03
2.199185881211693427e+01 1.537831615406640281e-03
2.210283761539849579e+01 1.526362101790370478e-03
2.221437645750547318e+01 1.514960554646785189e-03
2.232647816459453693e+01 1.503625098448283567e-03
2.243914557708417590e+01 1.492353988797521375e-03
2.255238154972662556e+01 1.481145793812533619e-03
2.266618895168024395e+01 1.469999525049336085e-03
2.278057066658218233e+01 1.458914703057580427e-03
2.289552959262145748e+01 1.447891350551602048e-03
2.301106864261238982e+01 1.436929915064246799e-03
2.312719074406840392e+01 1.426031131852448577e-03
2.324389883927620915e+01 1.415195845632346433e-03
2.336119588537034275e+01 1.404424815295106637e-03
2.347908485440810367e+01 1.393718528428724776e-03
2.359756873344487005e+01 1.383077051668941829e-03
2.371665052460975076e+01 1.372499938673351618e-03
2.383633324518169516e+01 1.361986210288239438e-03
2.395661992766590842e+01 1.351534412116441822e-03
2.407751361987071093e+01 1.341142744439516787e-03
2.419901738498476007e+01 1.330809249519130256e-03
2.432113430165465218e+01 1.320532033188227903e-03
2.444386746406294364e+01 1.310309492283582124e-03
2.456721998200654156e+01 1.300140517786016296e-03
2.469119498097551357e+01 1.290024645700910350e-03
2.481579560223225656e+01 1.279962133660138453e-03
2.494102500289111290e+01 1.269953950173160302e-03
2.506688635599834925e+01 1.260001674456150828e-03
2.519338285061256855e+01 1.250107316368793227e-03
2.532051769188549883e+01 1.240273076782560198e-03
2.544829410114321888e+01 1.230501077243298293e-03
2.557671531596777115e+01 1.220793092810236024e-03
2.570578459027919749e+01 1.211150322673391943e-03
2.583550519441798698e+01 1.201573229189558008e-03
2.596588041522794299e+01 1.192061467624982041e-03
2.609691355613945163e+01 1.182613917117070115e-03
2.622860793725320150e+01 1.173228809591414208e-03
2.636096689542429772e+01 1.163903939586769486e-03
2.649399378434680941e+01 1.154636926145732488e-03
2.662769197463875059e+01 1.145425490108838758e-03
2.676206485392748391e+01 1.136267707645737196e-03
2.689711582693555059e+01 1.127162204328283806e-03
2.703284831556694101e+01 1.118108263135677129e-03
2.716926575899380936e+01 1.109105833176143082e-03
2.730637161374358968e+01 1.100155441471241304e-03
2.744416935378660938e+01 1.091258025385759799e-03
2.758266247062408283e+01 1.082414715566491119e-03
2.772185447337659880e+01 1.073626606555801947e-03
2.786174888887302004e+01 1.064894553272725851e-03
2.800234926173985883e+01 1.056219026169424651e-03
2.814365915449107902e+01 1.047600046968612687e-03
2.828568214761836686e+01 1.039037212384956660e-03
2.842842183968185665e+01 1.030529797518417705e-03
2.857188184740130410e+01 1.022076916458585253e-03
2.871606580574772849e+01 1.013677707393658128e-03
2.886097736803552394e+01 1.005331505088303146e-03
2.900662020601500757e+01 9.970379658164271481e-04
2.915299800996546864e+01 9.887971185858991565e-04
2.930011448878867242e+01 9.806093304155923639e-04
2.944797337010282945e+01 9.724751902281269676e-04
2.959657840033704801e+01 9.643953325933075481e-04
2.974593334482626261e+01 9.563702358543415974e-04
2.989604198790662792e+01 9.484000362283134941e-04
3.004690813301143493e+01 9.404843984357679973e-04
3.019853560276743920e+01 9.326224739148135639e-04
3.035092823909176118e+01 9.248129611488266604e-04
3.050408990328919856e+01 9.170542621189086557e-04
3.065802447615008930e+01 9.093447085776640727e-04
3.081273585804861881e+01 9.016828160910475001e-04
3.096822796904166353e+01 8.940675162865637567e-04
3.112450474896811770e+01 8.864983203642286301e-04
3.128157015754870685e+01 8.789753795316411879e-04
3.143942817448632709e+01 8.714994280826026491e-04
3.159808279956689248e+01 8.640716183154236027e-04
3.175753805276065478e+01 8.566932784220526167e-04
3.191779797432409183e+01 8.493656403017047071e-04
3.207886662490225405e+01 8.420895905771231963e-04
3.224074808563166528e+01 8.348654935286547486e-04
3.240344645824372805e+01 8.276931199678458839e-04
3.256696586516865466e+01 8.205716941387807169e-04
3.273131044963990632e+01 8.135000459577869337e-04
3.289648437579920426e+01 8.064768335231606300e-04
3.306249182880200976e+01 7.995007857825450152e-04
3.322933701492357272e+01 7.925709112525569557e-04
3.339702416166553434e+01 7.856866271232574705e-04
3.356555751786300590e+01 7.788477825179966271e-04
3.373494135379225867e+01 7.720545757950899842e-04
3.390517996127889688e+01 7.653073922742315537e-04
3.407627765380662055e+01 7.586066087357718531e-04
3.424823876662651401e+01 7.519524190102045303e-04
3.442106765686690295e+01 7.453447284148549071e-04
3.459476870364372303e+01 7.387831452071191331e-04
3.476934630817151373e+01 7.322670697467090466e-04
3.494480489387491673e+01 7.257958542373468738e-04
3.512114890650077115e+01 7.193689854256797101e-04
3.529838281423072743e+01 7.129862352487251025e-04
3.547651110779450079e+01 7.066477322701969791e-04
3.565553830058362195e+01 7.003539279346847335e-04
3.583546892876582746e+01 6.941054606628685106e-04
3.601630755139998286e+01 6.879029500516277559e-04
3.619805875055158850e+01 6.817467749956057773e-04
3.638072713140889647e+01 6.756368972727574713e-04
3.656431732239958166e+01 6.695727830670508782e-04
3.674883397530803819e+01 6.635534504873246298e-04
3.693428176539322294e+01 6.575776371505381770e-04
3.712066539150712430e+01 6.516440475019589064e-04
3.730798957621382783e+01 6.457516148784556240e-04
3.749625906590916458e+01 6.398997065727117777e-04
3.768547863094099171e+01 6.340882145072216551e-04
3.787565306573002744e+01 6.283175062725876361e-04
3.806678718889138224e+01 6.225882518426102252e-04
3.825888584335661591e+01 6.169011777068321000e-04
3.845195389649645534e+01 6.112568208281794237e-04
3.864599624024412350e+01 6.056553531482251548e-04
3.884101779121929354e+01 6.000965238987270760e-04
3.903702349085266121e+01 5.945797294002613548e-04
3.923401830551117087e+01 5.891041802610706268e-04
3.943200722662380997e+01 5.836691064769072455e-04
3.963099527080811413e+01 5.782739309929879135e-04
3.983098747999728317e+01 5.729183550508955367e-04
4.003198892156790123e+01 5.676023302276224326e-04
4.023400468846835309e+01 5.623259325469427911e-04
4.043703989934788012e+01 5.570891898564311190e-04
4.064109969868625427e+01 5.518919319445686001e-04
4.084618925692412716e+01 5.467337258332208771e-04
4.105231377059406839e+01 5.416139273931501550e-04
4.125947846245220063e+01 5.365318353705900069e-04
4.146768858161054538e+01 5.314868919836638651e-04
4.167694940367002232e+01 5.264788522757226892e-04
4.188726623085413792e+01 5.215078521998084892e-04
4.209864439214331355e+01 5.165743410898604622e-04
4.231108924340990285e+01 5.116788946716221628e-04
4.252460616755393374e+01 5.068219708070320585e-04
4.273920057463945454e+01 5.020036940815651152e-04
4.295487790203166156e+01 4.972237476680790120e-04
4.317164361453462362e+01 4.924814139105697895e-04
4.338950320452978104e+01 4.877757516758375383e-04
4.360846219211509123e+01 4.831058480460993852e-04
4.382852612524490610e+01 4.784710533988165712e-04
4.404970057987056009e+01 4.738711143937404690e-04
4.427199116008161894e+01 4.693061584449914571e-04
4.449540349824789587e+01 4.647765418236986701e-04
4.471994325516217117e+01 4.602826279776834261e-04
4.494561612018360108e+01 4.558245894386802840e-04
4.517242781138190111e+01 4.514023132115201412e-04
4.540038407568220435e+01 4.470154412288028316e-04
4.562949068901069438e+01 4.426635159898256147e-04
4.585975345644095569e+01 4.383461550244783286e-04
4.609117821234103474e+01 4.340631673731289684e-04
4.632377082052131811e+01 4.298145551854709893e-04
4.655753717438305728e+01 4.256003997467576049e-04
4.679248319706773884e+01 4.214206881696493990e-04
4.702861484160712280e+01 4.172751686036275248e-04
4.726593809107411914e+01 4.131633126756766115e-04
4.750445895873436797e+01 4.090844159620902814e-04
4.774418348819859403e+01 4.050378007177865276e-04
4.798511775357575004e+01 4.010230308475715936e-04
4.822726785962692730e+01 3.970400355410088093e-04
4.847063994192002667e+01 3.930890755547665483e-04
4.871524016698521820e+01 3.891705594638726249e-04
4.896107473247119657e+01 3.852847905305096035e-04
4.920814986730222529e+01 3.814317603163152248e-04
4.945647183183594109e+01 3.776110835658102777e-04
4.970604691802198261e+01 3.738221007112875623e-04
4.995688144956144328e+01 3.700640939123132824e-04
5.020898178206705609e+01 3.663365099442556969e-04
5.046235430322426652e+01 3.626390840791852868e-04
5.071700543295307284e+01 3.589718126645477731e-04
5.097294162357068359e+01 3.553348015954179285e-04
5.123016935995502052e+01 3.517280825413819775e-04
5.148869515970901745e+01 3.481515032760231724e-04
5.174852557332577163e+01 3.446047526648190161e-04
5.200966718435451952e+01 3.410874987980155415e-04
5.227212660956744372e+01 3.375995482256356284e-04
5.253591049912733268e+01 3.341409190910011370e-04
5.280102553675607169e+01 3.307117725733544375e-04
5.306747843990402203e+01 3.273122351622618012e-04
5.333527595992018888e+01 3.239422152939816133e-04
5.360442488222331292e+01 3.206013280670786053e-04
5.387493202647379320e+01 3.172889836410367208e-04
5.414680424674646986e+01 3.140046007634839879e-04
5.442004843170431627e+01 3.107478305036554824e-04
5.469467150477295547e+01 3.075186626346671946e-04
5.497068042431610024e+01 3.043173500536056433e-04
5.524808218381186720e+01 3.011441920146527016e-04
5.552688381202997192e+01 2.979993017077073379e-04
5.580709237320980520e+01 2.948824923825213115e-04
5.608871496723946848e+01 2.917933403509528141e-04
5.637175872983561220e+01 2.887313712510191548e-04
5.665623083272430449e+01 2.856962421022712245e-04
5.694213848382268850e+01 2.826878038716811340e-04
5.722948892742164873e+01 2.797060167303344115e-04
5.751828944436937263e+01 2.767507925497181059e-04
5.780854735225578622e+01 2.738218879263466451e-04
5.810027000559803412e+01 2.709189330514944491e-04
5.839346479602676965e+01 2.680415810454780121e-04
5.868813915247345392e+01 2.651896676957830336e-04
5.898430054135863543e+01 2.623632536171316312e-04
5.928195646678105390e+01 2.595625001188826332e-04
5.958111447070785971e+01 2.567874537511182962e-04
5.988178213316564324e+01 2.540378899084620051e-04
6.018396707243255150e+01 2.513133320769468031e-04
6.048767694523127147e+01 2.486132416957159718e-04
6.079291944692307226e+01 2.459372528095563298e-04
6.109970231170277088e+01 2.432852936445945469e-04
6.140803331279470001e+01 2.406575173551633179e-04
6.171792026264967745e+01 2.380540997254674889e-04
6.202937101314294210e+01 2.354750547437216995e-04
6.234239345577310587e+01 2.329201986682190144e-04
6.265699552186212173e+01 2.303892720035516871e-04
6.297318518275623234e+01 2.278821018879527980e-04
6.329097045002794886e+01 2.253986605677293941e-04
6.361035937567905307e+01 2.229389725649780414e-04
6.393136005234460839e+01 2.205029599733730348e-04
6.425398061349802958e+01 2.180903729299123411e-04
6.457822923365712597e+01 2.157008807219786754e-04
6.490411412859128859e+01 2.133342579406674697e-04
6.523164355552960103e+01 2.109905081215552865e-04
6.556082581337008719e+01 2.086698064770222934e-04
6.589166924289001770e+01 2.063722903107672018e-04
6.622418222695716850e+01 2.040978603547001968e-04
6.655837319074228731e+01 2.018461564413790213e-04
6.689425060193256911e+01 1.996167269345264976e-04
6.723182297094619742e+01 1.974092479069822757e-04
6.757109885114793713e+01 1.952236125679105512e-04
6.791208683906593535e+01 1.930598336481326584e-04
6.825479557460948854e+01 1.909178672006936895e-04
6.859923374128797491e+01 1.887975264423175157e-04
6.894541006643088110e+01 1.866985574857203548e-04
6.929333332140892310e+01 1.846207860389617616e-04
6.964301232185626134e+01 1.825641715677271161e-04
6.999445592789398063e+01 1.805287006407885002e-04
7.034767304435445112e+01 1.785142245789437176e-04
7.070267262100703931e+01 1.765204178729164696e-04
7.105946365278485644e+01 1.745469203464947671e-04
7.141805518001268638e+01 1.725935386096513649e-04
7.177845628863599359e+01 1.706603120247889233e-04
7.214067611045122419e+01 1.687473700324527742e-04
7.250472382333711607e+01 1.668547063659202626e-04
7.287060865148727373e+01 1.649820769258031436e-04
7.323833986564390841e+01 1.631291049475244151e-04
7.360792678333270089e+01 1.612954688837259470e-04
7.397937876909891486e+01 1.594809736598132408e-04
7.435270523474467552e+01 1.576854459139372230e-04
7.472791563956739935e+01 1.559085902379749359e-04
7.510501949059954541e+01 1.541499759829995141e-04
7.548402634284947510e+01 1.524091620873724382e-04
7.586494579954349149e+01 1.506857979029198270e-04
7.624778751236928542e+01 1.489795558937720248e-04
7.663256118172039066e+01 1.472899467867168626e-04
7.701927655694198904e+01 1.456162213333055480e-04
7.740794343657799459e+01 1.439574836017491451e-04
7.779857166861924611e+01 1.423129028935992573e-04
7.819117115075312086e+01 1.406817927722605482e-04
7.858575183061421399e+01 1.390634720891307336e-04
7.898232370603649599e+01 1.374570639737527093e-04
7.938089682530657853e+01 1.358614450431856052e-04
7.978148128741834455e+01 1.342753689104944355e-04
8.018408724232878626e+01 1.326975810493663435e-04
8.058872489121525007e+01 1.311267681632157802e-04
8.099540448673386095e+01 1.295614125484400051e-04
8.140413633327932530e+01 1.279997527450896276e-04
8.181493078724602697e+01 1.264399060128064184e-04
8.222779825729041647e+01 1.248799790806195519e-04
8.264274920459477869e+01 1.233179924285924157e-04
8.305979414313226528e+01 1.217516825351295774e-04
8.347894363993327715e+01 1.201784218038144653e-04
8.390020831535325385e+01 1.185953704681601354e-04
8.432359884334179867e+01 1.169996936312117083e-04
8.474912595171302598e+01 1.153886083730554246e-04
8.517680042241750016e+01 1.137592682885013118e-04
8.560663309181532554e+01 1.121087135935143480e-04
8.603863485095078545e+01 1.104340146272779114e-04
8.647281664582830274e+01 1.087324707149967950e-04
8.690918947768972203e+01 1.070016727091081593e-04
8.734776440329311242e+01 1.052394687881163848e-04
8.778855253519290613e+01 1.034440502521212653e-04
8.823156504202150074e+01 1.016142169085456969e-04
8.867681314877215470e+01 9.974960532353513540e-05
8.912430813708351707e+01 9.785069136692365135e-05
8.957406134552540777e+01 9.591868795062806312e-05
9.002608416988613271e+01 9.395559673500158580e-05
9.048038806346126250e+01 9.196443429549025202e-05
9.093698453734374709e+01 8.994938434930256318e-05
9.139588516071569302e+01 8.791572392479641174e-05
9.185710156114141967e+01 8.586968315891027473e-05
9.232064542486209291e+01 8.381843505851241198e-05
9.278652849709186512e+01 8.177012434764086544e-05
9.325476258231545046e+01 7.973371793924156220e-05
9.372535954458720653e+01 7.771870892029219700e-05
9.419833130783176500e+01 7.573492385301607813e-05
9.467368985614616861e+01 7.379249725386678618e-05
9.515144723410350025e+01 7.190176607440046397e-05
9.563161554705807532e+01 7.007292089541472307e-05
9.611420696145216880e+01 6.831561619034776881e-05
9.659923370512430552e+01 6.663878887076075605e-05
9.708670806761901417e+01 6.505059461154588251e-05
9.757664240049834348e+01 6.355822144176849020e-05
9.806904911765467148e+01 6.216761540234663872e-05
9.856394069562540494e+01 6.088335923736124596e-05
9.906132967390897193e+01 5.970870711780248838e-05
9.956122865528263333e+01 5.864552913419418182e-05
1.000636503061217724e+02 5.769413863568185314e-05
1.005686073567208609e+02 5.685327602530357207e-05
1.010761126016159750e+02 5.612034083622544528e-05
1.015861788999090152e+02 5.549160023998838374e-05
1.020988191755935190e+02 5.496220172086012878e-05
1.026140464178821503e+02 5.452620774146530553e-05
1.031318736815357653e+02 5.417683862962897499e-05
1.036523140871942417e+02 5.390673504838880268e-05
1.041753808217088988e+02 5.370805919977469537e-05
1.047010871384766375e+02 5.357260589973969744e-05
1.052294463577757568e+02 5.349208018049327593e-05
1.057604718671034476e+02 5.345833004958985374e-05
1.062941771215150339e+02 5.346334529503672385e-05
1.068305756439648349e+02 5.349924914570375990e-05
1.073696810256488590e+02 5.355850102177839783e-05
1.079115069263491762e+02 5.363409735452664344e-05
1.084560670747799946e+02 5.371954838735100354e-05
1.090033752689355566e+02 5.380882061703664123e-05
1.095534453764397256e+02 5.389643329118050283e-05
1.101062913348973211e+02 5.397751402198102788e-05
1.106619271522474008e+02 5.404768996290350112e-05
1.112203669071180059e+02 5.410306074684058207e-05
1.117816247491830666e+02 5.414033596814729128e-05
1.123457148995207859e+02 5.415684313109461219e-05
1.129126516509740412e+02 5.415034322211201507e-05
1.134824493685125333e+02 5.411897335661537288e-05
1.140551224895967266e+02 5.406135462432352104e-05
1.146306855245436935e+02 5.397656884024996840e-05
1.152091530568947775e+02 5.386402867307761593e-05
1.157905397437851036e+02 5.372348685369799531e-05
1.163748603163149369e+02 5.355506393395663759e-05
1.169621295799229586e+02 5.335909838830381980e-05
1.175523624147614044e+02 5.313605035243074219e-05
1.181455737760731068e+02 5.288660923953245470e-05
1.187417786945703995e+02 5.261170302254846224e-05
1.193409922768159674e+02 5.231232306185695959e-05
1.199432297056056598e+02 5.198947911682256395e-05
1.205485062403531202e+02 5.164427968542276625e-05
1.211568372174764789e+02 5.127787391999374147e-05
1.217682380507869482e+02 5.089138785525021354e-05
1.223827242318793367e+02 5.048601649237712962e-05
1.230003113305245819e+02 5.006301646092962959e-05
1.236210149950643000e+02 4.962355986775918436e-05
1.242448509528072265e+02 4.916877125088289525e-05
1.248718350104277448e+02 4.869985550231689192e-05
1.255019830543663630e+02 4.821802375659415635e-05
1.261353110512322928e+02 4.772441540126889003e-05
1.267718350482079614e+02 4.722016968740514397e-05
1.274115711734556413e+02 4.670639706561671072e-05
1.280545356365260830e+02 4.618410384955375667e-05
1.287007447287692230e+02 4.565429024088128978e-05
1.293502148237470522e+02 4.511797467705873686e-05
1.300029623776483731e+02 4.457605028797899621e-05
1.306590039297058183e+02 4.402930937992818530e-05
1.313183561026148993e+02 4.347855580382062394e-05
1.319810356029553020e+02 4.292454424492082263e-05
1.326470592216140005e+02 4.236796679094324397e-05
1.333164438342108156e+02 4.180952714394021248e-05
1.339892064015260758e+02 4.124986671423143538e-05
1.346653639699301834e+02 4.068954880782257438e-05
1.353449336718157099e+02 4.012918892207933025e-05
1.360279327260313664e+02 3.956940231023859674e-05
1.367143784383184197e+02 3.901070448255193921e-05
1.374042882017490399e+02 3.845359407757973155e-05
1.380976794971670927e+02 3.789854978736116728e-05
1.387945698936310919e+02 3.734597721523118876e-05
1.394949770488592549e+02 3.679628525467378215e-05
1.401989187096770024e+02 3.624984076072958953e-05
1.409064127124666186e+02 3.570689437779079472e-05
1.416174769836191558e+02 3.516770446825937939e-05
1.423321295399886424e+02 3.463254570667382871e-05
1.430503884893486202e+02 3.410162388338952089e-05
1.437722720308509565e+02 3.357514465925933280e-05
1.444977984554869579e+02 3.305330398108889347e-05
1.452269861465508143e+02 3.253625918305579697e-05
1.459598535801054595e+02 3.202422084928042262e-05
1.466964193254506199e+02 3.151738100218978906e-05
1.474367020455933357e+02 3.101585143555328099e-05
1.481807204977209267e+02 3.051976993556615968e-05
1.489284935336762032e+02 3.002925939624584314e-05
1.496800401004351215e+02 2.954439595782785616e-05
1.504353792405868546e+02 2.906525899338808339e-05
1.511945300928162794e+02 2.859186327917958125e-05
1.519575118923890500e+02 2.812421560763699968e-05
1.527243439716387172e+02 2.766237290726434006e-05
1.534950457604568328e+02 2.720633751226005648e-05
1.542696367867850995e+02 2.675611018204909850e-05
1.550481366771102216e+02 2.631172285032269551e-05
1.558305651569611712e+02 2.587319008814122954e-05
1.566169420514090689e+02 2.544056291315145249e-05
1.574072872855693674e+02 2.501385768795162526e-05
1.582016208851068768e+02 2.459305348019689099e-05
1.589999629767430349e+02 2.417817552232295159e-05
1.598023337887659352e+02 2.376920326257244220e-05
1.606087536515429122e+02 2.336609097385327724e-05
1.614192429980355712e+02 2.296879235800058680e-05
1.622338223643175752e+02 2.257723499389138847e-05
1.630525123900949893e+02 2.219139386123640553e-05
1.638753338192292404e+02 2.181121670597881306e-05
1.647023075002626911e+02 2.143664196535941763e-05
1.655334543869469712e+02 2.106766476795681402e-05
1.663687955387737816e+02 2.070426115164971019e-05
1.672083521215086250e+02 2.034642312640155286e-05
1.680521454077270107e+02 1.999411934429044040e-05
1.689001967773535000e+02 1.964730996167194694e-05
1.697525277182034529e+02 1.930598461909997668e-05
1.706091598265273888e+02 1.897007043973818571e-05
1.714701148075583035e+02 1.863950730564448930e-05
1.723354144760615441e+02 1.831423844293456388e-05
1.732050807568875825e+02 1.799421368497621193e-05
1.740791356855275751e+02 1.767940226201098478e-05
1.749576014086716498e+02 1.736974980019663798e-05
1.758405001847700362e+02 1.706525972655263280e-05
1.767278543845971512e+02 1.676591987536431232e-05
1.776196864918183280e+02 1.647170053918829599e-05
1.785160191035595005e+02 1.618256410729488457e-05
1.794168749309798727e+02 1.589843910205517474e-05
1.803222767998472307e+02 1.561924877644192526e-05
1.812322476511164098e+02 1.534483905885256327e-05
1.821468105415104901e+02 1.507506858059546399e-05
1.830659886441050901e+02 1.480977818097800129e-05
1.839898052489154452e+02 1.454880613094402113e-05
1.849182837634865848e+02 1.429200374809635779e-05
1.858514477134863228e+02 1.403924520577550330e-05
1.867893207433015448e+02 1.379046413060458379e-05
1.877319266166370824e+02 1.354558126464670390e-05
1.886792892171179972e+02 1.330457896623203938e-05
1.896314325488946793e+02 1.306744626261986879e-05
1.905883807372510432e+02 1.283420531945978918e-05
1.915501580292158792e+02 1.260485986941949245e-05
1.925167887941771312e+02 1.237944424542786842e-05
1.934882975244994157e+02 1.215799346984514430e-05
1.944647088361446379e+02 1.194052671969088952e-05
1.954460474692956495e+02 1.172706461026464959e-05
1.964323382889830896e+02 1.151761523650421696e-05
1.974236062857155503e+02 1.131216756258724005e-05
1.984198765761126140e+02 1.111065949824946859e-05
1.994211744035413574e+02 1.091302225224246677e-05
2.004275251387558967e+02 1.071913703312897641e-05
2.014389542805403437e+02 1.052886016455942378e-05
2.024554874563547742e+02 1.034202709170261675e-05
2.034771504229845789e+02 1.015848733230143914e-05
2.045039690671931965e+02 9.978078057301152125e-06
2.055359694063778875e+02 9.800663088340074377e-06
2.065731775892290614e+02 9.626129098956535179e-06
2.076156198963927864e+02 9.454372387416704163e-06
2.086633227411366818e+02 9.285292286169836068e-06
2.097163126700192208e+02 9.118803392465771841e-06
2.107746163635622452e+02 8.954815284535396156e-06
2.118382606369272025e+02 8.793235170478345166e-06
2.129072724405943120e+02 8.633995455369437627e-06
2.139816788610456797e+02 8.477046395280179184e-06
2.150615071214514842e+02 8.322361680920135329e-06
2.161467845823597713e+02 8.169951824622641496e-06
2.172375387423897166e+02 8.019852949674222524e-06
2.183337972389283834e+02 7.872101214906454788e-06
2.194355878488310339e+02 7.726743395749215084e-06
2.205429384891248787e+02 7.583815886507734791e-06
2.216558772177164087e+02 7.443339940781489531e-06
2.227744322341024485e+02 7.305341220645396105e-06
2.238986318800845368e+02 7.169858275861795147e-06
2.250285046404871139e+02 7.036938029731230953e-06
2.261640791438792917e+02 6.906655556251212621e-06
2.273053841633001753e+02 6.779092104660814632e-06
2.284524486169879083e+02 6.654308847777987460e-06
2.296053015691124699e+02 6.532335944151110742e-06
2.307639722305120529e+02 6.413145557504141768e-06
2.319284899594332501e+02 6.296637990567428161e-06
2.330988842622747939e+02 6.182664196986873259e-06
2.342751847943353880e+02 6.071031111716948031e-06
2.354574213605649220e+02 5.961524136342336734e-06
2.366456239163198063e+02 5.853937592809262022e-06
2.378398225681218889e+02 5.748073334625691496e-06
2.390400475744212940e+02 5.643751149713683493e-06
2.402463293463632112e+02 5.540820929855632411e-06
2.414586984485582946e+02 5.439158180435704296e-06
2.426771855998572107e+02 5.338689064030269095e-06
2.439018216741289677e+02 5.239406100843156789e-06
2.451326377010431656e+02 5.141364610998717671e-06
2.463696648668562545e+02 5.044684179215055370e-06
2.476129345152016867e+02 4.949509558742184614e-06
2.488624781478841612e+02 4.855964888878736832e-06
2.501183274256777622e+02 4.764125869054506969e-06
2.513805141691281904e+02 4.673993460356522147e-06
2.526490703593590013e+02 4.585518863875051845e-06
2.539240281388820506e+02 4.498651171350785803e-06
2.552054198124117192e+02 4.413377509511466030e-06
2.564932778476836006e+02 4.329760162585297800e-06
2.577876348762771954e+02 4.247910311974533689e-06
2.590885236944424719e+02 4.167926346196524356e-06
2.603959772639312860e+02 4.089821030023590345e-06
2.617100287128320701e+02 4.013454508015329950e-06
2.630307113364095812e+02 3.938545469144133821e-06
2.643580585979484567e+02 3.864739873156389108e-06
2.656921041296009207e+02 3.791728406761368238e-06
2.670328817332393214e+02 3.719372371350884414e-06
2.683804253813120795e+02 3.647755165830815157e-06
2.697347692177050362e+02 3.577163225823193347e-06
2.710959475586061558e+02 3.507973555041458891e-06
2.724639948933752294e+02 3.440507888405482457e-06
2.738389458854177860e+02 3.374919970341310118e-06
2.752208353730632666e+02 3.311143128225987232e-06
2.766096983704478021e+02 3.248940318701819594e-06
2.780055700684014255e+02 3.187999657341140123e-06
2.794084858353397181e+02 3.128044117088726915e-06
2.808184812181599455e+02 3.068903520875918910e-06
2.822355919431417988e+02 3.010519690876158891e-06
2.836598539168524553e+02 2.952919935435932842e-06
2.850913032270567555e+02 2.896162989184616976e-06
2.865299761436311314e+02 2.840315499573365645e-06
2.879759091194828216e+02 2.785445422317079863e-06
2.894291387914735765e+02 2.731633847967292450e-06
2.908897019813478551e+02 2.678982192805940714e-06
2.923576356966658523e+02 2.627594172416467127e-06
2.938329771317411883e+02 2.577554658500830417e-06
2.953157636685833154e+02 2.528899658253800582e-06
2.968060328778445864e+02 2.481617380646154460e-06
2.983038225197725524e+02 2.435656989352299608e-06
2.998091705451663529e+02 2.390952668343268039e-06
3.013221150963385639e+02 2.347430401859108059e-06
3.028426945080814221e+02 2.305001763497315169e-06
3.043709473086383355e+02 2.263549391744762326e-06
3.059069122206801126e+02 2.222921086454857935e-06
3.074506281622858523e+02 2.182948549299443220e-06
3.090021342479295186e+02 2.143478158789507620e-06
3.105614697894704364e+02 2.104405818911794392e-06
3.121286742971498143e+02 2.065686569054547927e-06
3.137037874805916999e+02 2.027324922045044827e-06
3.152868492498091086e+02 1.989346298513561767e-06
3.168778997162152677e+02 1.951777497785681607e-06
3.184769791936400907e+02 1.914639375040454353e-06
3.200841281993513689e+02 1.877955971094518619e-06
3.216993874550817054e+02 1.841762155645289106e-06
3.233227978880599949e+02 1.806103107534079791e-06
3.249544006320487028e+02 1.771022997523246297e-06
3.265942370283860896e+02 1.736553743723234682e-06
3.282423486270334365e+02 1.702712473202597207e-06
3.298987771876281840e+02 1.669507911124387071e-06
3.315635646805417309e+02 1.636948774332809889e-06
3.332367532879432019e+02 1.605044621483728934e-06
3.349183854048678768e+02 1.573800340705432795e-06
3.366085036402917012e+02 1.543209402013110496e-06
3.383071508182107436e+02 1.513255278871949648e-06
3.400143699787263358e+02 1.483918939384789577e-06
3.417302043791355572e+02 1.455187298614771790e-06
3.434546974950273466e+02 1.427053470877093350e-06
3.451878930213840135e+02 1.399510915343621573e-06
3.469298348736884918e+02 1.372546890016442008e-06
3.486805671890368217e+02 1.346143394561319191e-06
