1.000000000000000000e+00 2.956160578030356603e-02
1.005046358483368207e+00 2.951243999329915269e-02
1.010118182700679101e+00 2.946290475886973945e-02
1.015215601161155057e+00 2.941299853421508459e-02
1.020338743022522365e+00 2.936271979461050480e-02
1.025487738094283285e+00 2.931206703922363196e-02
1.030662716841005411e+00 2.926103879492543414e-02
1.035863810385627248e+00 2.920963360651046906e-02
1.041091150512780894e+00 2.915785004819724385e-02
1.046344869672130473e+00 2.910568671286084541e-02
1.051625100981729233e+00 2.905314222080100997e-02
1.056931978231391289e+00 2.900021522952103345e-02
1.062265635886082471e+00 2.894690441744673937e-02
1.067626209089326705e+00 2.889320848825940868e-02
1.073013833666630834e+00 2.883912618082635354e-02
1.078428646128925861e+00 2.878465625802504452e-02
1.083870783676025740e+00 2.872979751602824927e-02
1.089340384200104150e+00 2.867454878278224636e-02
1.094837586289187925e+00 2.861890891889507307e-02
1.100362529230668684e+00 2.856287681511520890e-02
1.105915353014832236e+00 2.850645140391356788e-02
1.111496198338405739e+00 2.844963165356715826e-02
1.117105206608122181e+00 2.839241655992680996e-02
1.122742519944303963e+00 2.833480515681871884e-02
1.128408281184463124e+00 2.827679652006329092e-02
1.134102633886921119e+00 2.821838976242736427e-02
1.139825722334446567e+00 2.815958403760648529e-02
1.145577691537910336e+00 2.810037853963284760e-02
1.151358687239959933e+00 2.804077249934625732e-02
1.157168855918712991e+00 2.798076519633576828e-02
1.163008344791467863e+00 2.792035594926145850e-02
1.168877301818434189e+00 2.785954412423364071e-02
1.174775875706482120e+00 2.779832913610981796e-02
1.180704215912909749e+00 2.773671043748054260e-02
1.186662472649230526e+00 2.767468753313885935e-02
1.192650796884978659e+00 2.761225997748478420e-02
1.198669340351534940e+00 2.754942737038020700e-02
1.204718255545971228e+00 2.748618936069716079e-02
1.210797695734914026e+00 2.742254565213449527e-02
1.216907814958428702e+00 2.735849600506259222e-02
1.223048768033921041e+00 2.729404022629584523e-02
1.229220710560062102e+00 2.722917818062104908e-02
1.235423798920728844e+00 2.716390978882937679e-02
1.241658190288967178e+00 2.709823502475210838e-02
1.247924042630975672e+00 2.703215392277359685e-02
1.254221514710105456e+00 2.696566657613864645e-02
1.260550766090885677e+00 2.689877313697214625e-02
1.266911957143064704e+00 2.683147381966020234e-02
1.273305249045674215e+00 2.676376889819136878e-02
1.279730803791113036e+00 2.669565870986295372e-02
1.286188784189251866e+00 2.662714366109235689e-02
1.292679353871558412e+00 2.655822421942583694e-02
1.299202677295242969e+00 2.648890092054003234e-02
1.305758919747426416e+00 2.641917436797855748e-02
1.312348247349327535e+00 2.634904523035785928e-02
1.318970827060472084e+00 2.627851425024394991e-02
1.325626826682923864e+00 2.620758223867410142e-02
1.332316414865535759e+00 2.613625007876507408e-02
1.339039761108222981e+00 2.606451872497585892e-02
1.345797035766258753e+00 2.599238921114469664e-02
1.352588410054589740e+00 2.591986264457224118e-02
1.359414056052174136e+00 2.584694020634350012e-02
1.366274146706342840e+00 2.577362315658163552e-02
1.373168855837181068e+00 2.569991283442203331e-02
1.380098358141931936e+00 2.562581065781905504e-02
1.387062829199424030e+00 2.555131812619915871e-02
1.394062445474519185e+00 2.547643682121171135e-02
1.401097384322584460e+00 2.540116840544836066e-02
1.408167823993985657e+00 2.532551462839986722e-02
1.415273943638603926e+00 2.524947732153310503e-02
1.422415923310374586e+00 2.517305840516015705e-02
1.429593943971849690e+00 2.509625988749890693e-02
1.436808187498783917e+00 2.501908386140994436e-02
1.444058836684741109e+00 2.494153251151546777e-02
1.451346075245728118e+00 2.486360811180446037e-02
1.458670087824847306e+00 2.478531302721374494e-02
1.466031059996977692e+00 2.470664971445649116e-02
1.473429178273474749e+00 2.462762072398540572e-02
1.480864630106897284e+00 2.454822870108702357e-02
1.488337603895756978e+00 2.446847638426637855e-02
1.495848288989292341e+00 2.438836661020615804e-02
1.503396875692265100e+00 2.430790231121535486e-02
1.510983555269783896e+00 2.422708651593876231e-02
1.518608519952149516e+00 2.414592235309431789e-02
1.526271962939725224e+00 2.406441305029209318e-02
1.533974078407833064e+00 2.398256193531782265e-02
1.541715061511673257e+00 2.390037243706089054e-02
1.549495108391269138e+00 2.381784808501444944e-02
1.557314416176436955e+00 2.373499251143269123e-02
1.565173182991780543e+00 2.365180945284786271e-02
1.573071607961711527e+00 2.356830274784942059e-02
1.581009891215494623e+00 2.348447634088786026e-02
1.588988233892318913e+00 2.340033428045474456e-02
1.597006838146393548e+00 2.331588071934456025e-02
1.605065907152070759e+00 2.323111991831329493e-02
1.613165645108992630e+00 2.314605624307002410e-02
1.621306257247266291e+00 2.306069416633937247e-02
1.629487949832663984e+00 2.297503826735929414e-02
1.637710930171848212e+00 2.288909323510067081e-02
1.645975406617625758e+00 2.280286386510774893e-02
1.654281588574225914e+00 2.271635506067072943e-02
1.662629686502607340e+00 2.262957183397419636e-02
1.671019911925789581e+00 2.254251930552325991e-02
1.679452477434213442e+00 2.245520270437894109e-02
1.687927596691127130e+00 2.236762736868814355e-02
1.696445484438000806e+00 2.227979874547023412e-02
1.705006356499966014e+00 2.219172238977236769e-02
1.713610429791286416e+00 2.210340396613090161e-02
1.722257922320851842e+00 2.201484924608900981e-02
1.730949053197703646e+00 2.192606411076627668e-02
1.739684042636586048e+00 2.183705454908821050e-02
1.748463111963525440e+00 2.174782665675642837e-02
1.757286483621438800e+00 2.165838663756605026e-02
1.766154381175770061e+00 2.156874080114475067e-02
1.775067029320154255e+00 2.147889556365203609e-02
1.784024653882111178e+00 2.138885744665522393e-02
1.793027481828767034e+00 2.129863307658438898e-02
1.802075741272606058e+00 2.120822918396298926e-02
1.811169661477249004e+00 2.111765260242803172e-02
1.820309472863263833e+00 2.102691026877506753e-02
1.829495407014002817e+00 2.093600922024093161e-02
1.838727696681470958e+00 2.084495659417358315e-02
1.848006575792223494e+00 2.075375962765776267e-02
1.857332279453292712e+00 2.066242565535397410e-02
1.866705043958145405e+00 2.057096210873412753e-02
1.876125106792669861e+00 2.047937651456305241e-02
1.885592706641193050e+00 2.038767649289338277e-02
1.895108083392528897e+00 2.029586975605545199e-02
1.904671478146056307e+00 2.020396410695919631e-02
1.914283133217828059e+00 2.011196743679628460e-02
1.923943292146710560e+00 2.001988772436215716e-02
1.933652199700554464e+00 1.992773303283589328e-02
1.943410101882396823e+00 1.983551150799759896e-02
1.953217245936694324e+00 1.974323137691143260e-02
1.963073880355588052e+00 1.965090094449323255e-02
1.972980254885198903e+00 1.955852859192692972e-02
1.982936620531956740e+00 1.946612277382376785e-02
1.992943229568959751e+00 1.937369201665621252e-02
2.003000335542366006e+00 1.928124491477324273e-02
2.013108193277819424e+00 1.918879012836336925e-02
2.023267058886905279e+00 1.909633638057378277e-02
2.033477189773638560e+00 1.900389245429701807e-02
2.043738844640988095e+00 1.891146718935129284e-02
2.054052283497431297e+00 1.881906947941792627e-02
2.064417767663540459e+00 1.872670826869095653e-02
2.074835559778605454e+00 1.863439254825081937e-02
2.085305923807287964e+00 1.854213135294675158e-02
2.095829125046310804e+00 1.844993375717691314e-02
2.106405430131178314e+00 1.835780887220203952e-02
2.117035107042933628e+00 1.826576584152624777e-02
2.127718425114947909e+00 1.817381383721512408e-02
2.138455655039745551e+00 1.808196205619633581e-02
2.149247068875862254e+00 1.799021971542946047e-02
2.160092940054737731e+00 1.789859604842592225e-02
2.170993543387647051e+00 1.780710030054578549e-02
2.181949155072658630e+00 1.771574172457025115e-02
2.192960052701637519e+00 1.762452957620591967e-02
2.204026515267275776e+00 1.753347310959528851e-02
2.215148823170163261e+00 1.744258157273844215e-02
2.226327258225891281e+00 1.735186420207928543e-02
2.237562103672193103e+00 1.726133021794950401e-02
2.248853644176122657e+00 1.717098881969469568e-02
2.260202165841263877e+00 1.708084918030531793e-02
2.271607956214984458e+00 1.699092044147483202e-02
2.283071304295716253e+00 1.690121170822787150e-02
2.294592500540283631e+00 1.681173204339293445e-02
2.306171836871258041e+00 1.672249046238607692e-02
2.317809606684357870e+00 1.663349592756760767e-02
2.329506104855882054e+00 1.654475734265080725e-02
2.341261627750179208e+00 1.645628354735332796e-02
2.353076473227160736e+00 1.636808331115598147e-02
2.364950940649844568e+00 1.628016532774992711e-02
2.376885330891942427e+00 1.619253820933046206e-02
2.388879946345482619e+00 1.610521048038977138e-02
2.400935090928471016e+00 1.601819057201126634e-02
2.413051070092594230e+00 1.593148681568121866e-02
2.425228190830956532e+00 1.584510743754269715e-02
2.437466761685860295e+00 1.575906055192619060e-02
2.449767092756621523e+00 1.567335415565615508e-02
2.462129495707430227e+00 1.558799612168033748e-02
2.474554283775244112e+00 1.550299419286127293e-02
2.487041771777728449e+00 1.541835597601444799e-02
2.499592276121230139e+00 1.533408893570453908e-02
2.512206114808796187e+00 1.525020038811152751e-02
2.524883607448230816e+00 1.516669749481770052e-02
2.537625075260194318e+00 1.508358725675076027e-02
2.550430841086341438e+00 1.500087650791893587e-02
2.563301229397501491e+00 1.491857190968091766e-02
2.576236566301899344e+00 1.483667994439275342e-02
2.589237179553420365e+00 1.475520690957314064e-02
2.602303398559912218e+00 1.467415891198268693e-02
2.615435554391532857e+00 1.459354186158384227e-02
2.628633979789138930e+00 1.451336146605780412e-02
2.641899009172717694e+00 1.443362322489810494e-02
2.655230978649858464e+00 1.435433242380765306e-02
2.668630226024270247e+00 1.427549412917404614e-02
2.682097090804340667e+00 1.419711318279130025e-02
2.695631914211737978e+00 1.411919419655702571e-02
2.709235039190058369e+00 1.404174154716708763e-02
2.722906810413513679e+00 1.396475937123834062e-02
2.736647574295664853e+00 1.388825156044102768e-02
2.750457678998200706e+00 1.381222175671867683e-02
2.764337474439758413e+00 1.373667334786487018e-02
2.778287312304790202e+00 1.366160946311871342e-02
2.792307546052473555e+00 1.358703296896375534e-02
2.806398530925668489e+00 1.351294646527033058e-02
2.820560623959917024e+00 1.343935228143957467e-02
2.834794183992491501e+00 1.336625247296765670e-02
2.849099571671484643e+00 1.329364881821099020e-02
2.863477149464949800e+00 1.322154281517848654e-02
2.877927281670082937e+00 1.314993567884963944e-02
2.892450334422455693e+00 1.307882833862702467e-02
2.907046675705289296e+00 1.300822143606159692e-02
2.921716675358782211e+00 1.293811532298121472e-02
2.936460705089476875e+00 1.286851005971133971e-02
2.951279138479682818e+00 1.279940541380700063e-02
2.966172350996937102e+00 1.273080085893616743e-02
2.981140720003522482e+00 1.266269557429967364e-02
2.996184624766026428e+00 1.259508844412540914e-02
3.011304446464952100e+00 1.252797805763104094e-02
3.026500568204374630e+00 1.246136270940853726e-02
3.041773375021651571e+00 1.239524040008043067e-02
3.057123253897175541e+00 1.232960883735922074e-02
3.072550593764181492e+00 1.226446543746058729e-02
3.088055785518601049e+00 1.219980732695424147e-02
3.103639222028967026e+00 1.213563134492315343e-02
3.119301298146367252e+00 1.207193404566455144e-02
3.135042410714449446e+00 1.200871170160117997e-02
3.150862958579477180e+00 1.194596030680285768e-02
3.166763342600435571e+00 1.188367558078049294e-02
3.182743965659186713e+00 1.182185297270436398e-02
3.198805232670679732e+00 1.176048766621340912e-02
3.214947550593209691e+00 1.169957458444081944e-02
3.231171328438729784e+00 1.163910839558859357e-02
3.247476977283212385e+00 1.157908351888851939e-02
3.263864910277068265e+00 1.151949413106882932e-02
3.280335542655612890e+00 1.146033417316786457e-02
3.296889291749586892e+00 1.140159735777986766e-02
3.313526576995733386e+00 1.134327717681459478e-02
3.330247819947421473e+00 1.128536690960403946e-02
3.347053444285331469e+00 1.122785963144069636e-02
3.363943875828187657e+00 1.117074822258485103e-02
3.380919542543547429e+00 1.111402537764460963e-02
3.397980874558647280e+00 1.105768361536840771e-02
3.415128304171298979e+00 1.100171528885121423e-02
3.432362265860844808e+00 1.094611259609612128e-02
3.449683196299164312e+00 1.089086759101530293e-02
3.467091534361741445e+00 1.083597219476445557e-02
3.484587721138781458e+00 1.078141820740670907e-02
3.502172199946390840e+00 1.072719731998945936e-02
3.519845416337806565e+00 1.067330112687799731e-02
3.537607818114687497e+00 1.061972113844299008e-02
3.555459855338459985e+00 1.056644879408154963e-02
3.573401980341722073e+00 1.051347547543657335e-02
3.591434647739704111e+00 1.046079251993749758e-02
3.609558314441787985e+00 1.040839123455260772e-02
3.627773439663083188e+00 1.035626290981482393e-02
3.646080484936065069e+00 1.030439883392915944e-02
3.664479914122265036e+00 1.025279030714190166e-02
3.682972193424028262e+00 1.020142865625400970e-02
3.701557791396322905e+00 1.015030524921190121e-02
3.720237178958613278e+00 1.009941150981387946e-02
3.739010829406792524e+00 1.004873893247762093e-02
3.757879218425175250e+00 9.998279097048604069e-03
3.776842824098547879e+00 9.948023683591638439e-03
3.795902126924285636e+00 9.897964487181803994e-03
3.815057609824525464e+00 9.848093432585568532e-03
3.834309758158401582e+00 9.798402588918219205e-03
3.853659059734345860e+00 9.748884184098915995e-03
3.873106004822444604e+00 9.699530619161985182e-03
3.892651086166864616e+00 9.650334482407653749e-03
3.912294798998335210e+00 9.601288563253422559e-03
3.932037641046697729e+00 9.552385865845671245e-03
3.951880112553516788e+00 9.503619622351333271e-03
3.971822716284755028e+00 9.454983305910741320e-03
3.991865957543513144e+00 9.406470643169085807e-03
4.012010344182831645e+00 9.358075626403956904e-03
4.032256386618558786e+00 9.309792525190221935e-03
4.052604597842287326e+00 9.261615897525372551e-03
4.073055493434345919e+00 9.213540600441508244e-03
4.093609591576867324e+00 9.165561800039245810e-03
4.114267413066918344e+00 9.117674980874712273e-03
4.135029481329693724e+00 9.069875954710537869e-03
4.155896322431779311e+00 9.022160868570675007e-03
4.176868465094481842e+00 8.974526212046174053e-03
4.197946440707224447e+00 8.926968823872293707e-03
4.219130783341012325e+00 8.879485897678767586e-03
4.240422029761965028e+00 8.832074986917529125e-03
4.261820719444915362e+00 8.784734008950630807e-03
4.283327394587081116e+00 8.737461248207924885e-03
4.304942600121798968e+00 8.690255358457450383e-03
4.326666883732336544e+00 8.643115364141638543e-03
4.348500795865766655e+00 8.596040660723593130e-03
4.370444889746917916e+00 8.549031014067572098e-03
4.392499721392384870e+00 8.502086558810573180e-03
4.414665849624626048e+00 8.455207795723927028e-03
4.436943836086114423e+00 8.408395588011118027e-03
4.459334245253575801e+00 8.361651156599023138e-03
4.481837644452285829e+00 8.314976074370303283e-03
4.504454603870446050e+00 8.268372259330839316e-03
4.527185696573634566e+00 8.221841966748343403e-03
4.550031498519322426e+00 8.175387780231298945e-03
4.572992588571467287e+00 8.129012601763189322e-03
4.596069548515185232e+00 8.082719640716572174e-03
4.619262963071484762e+00 8.036512401854475907e-03
4.642573419912088717e+00 7.990394672322506317e-03
4.666001509674321923e+00 7.944370507700651562e-03
4.689547825976075224e+00 7.898444217074923265e-03
4.713212965430850332e+00 7.852620347220132246e-03
4.736997527662873075e+00 7.806903665910534633e-03
4.760902115322289241e+00 7.761299144374571475e-03
4.784927334100430585e+00 7.715811938986511312e-03
4.809073792745168774e+00 7.670447372200434911e-03
4.833342103076332386e+00 7.625210912808820171e-03
4.857732880001211839e+00 7.580108155564839988e-03
4.882246741530142486e+00 7.535144800242042466e-03
4.906884308792159644e+00 7.490326630193673563e-03
4.931646206050738890e+00 7.445659490471585526e-03
4.956533060719613637e+00 7.401149265601096768e-03
4.981545503378670858e+00 7.356801857073642578e-03
5.006684167789930306e+00 7.312623160633130795e-03
5.031949690913602780e+00 7.268619043456839290e-03
5.057342712924226547e+00 7.224795321300805408e-03
5.082863877226891702e+00 7.181157735700239957e-03
5.108513830473540906e+00 7.137711931337521569e-03
5.134293222579354499e+00 7.094463433639107766e-03
5.160202706739218215e+00 7.051417626719079339e-03
5.186242939444270839e+00 7.008579731762504782e-03
5.212414580498543337e+00 6.965954785923138964e-03
5.238718293035674378e+00 6.923547621867903040e-03
5.265154743535711113e+00 6.881362848035829302e-03
5.291724601841998776e+00 6.839404829718316071e-03
5.318428541178152003e+00 6.797677671059445224e-03
5.345267238165114065e+00 6.756185198054366799e-03
5.372241372838297835e+00 6.714930942655065148e-03
5.399351628664822655e+00 6.673918128046432002e-03
5.426598692560823167e+00 6.633149655203173477e-03
5.453983254908862044e+00 6.592628090784921797e-03
5.481506009575419114e+00 6.552355656456373793e-03
5.509167653928473740e+00 6.512334219705349231e-03
5.536968888855173354e+00 6.472565286209499245e-03
5.564910418779592582e+00 6.433049993820256704e-03
5.592992951680585634e+00 6.393789108208364561e-03
5.621217199109716844e+00 6.354783020222576351e-03
5.649583876209299582e+00 6.316031744985513979e-03
5.678093701730507981e+00 6.277534922771192336e-03
5.706747398051595255e+00 6.239291821657498224e-03
5.735545691196191953e+00 6.201301341986606777e-03
5.764489310851705461e+00 6.163562022620820181e-03
5.793578990387807437e+00 6.126072048982410777e-03
5.822815466875014501e+00 6.088829262869673541e-03
5.852199481103366629e+00 6.051831173998773426e-03
5.881731777601195255e+00 6.015074973251031444e-03
5.911413104653989059e+00 5.978557547557199030e-03
5.941244214323353923e+00 5.942275496368574182e-03
5.971225862466067014e+00 5.906225149632504494e-03
6.001358808753229468e+00 5.870402587192918679e-03
6.031643816689517656e+00 5.834803659526071294e-03
6.062081653632524159e+00 5.799424009705653020e-03
6.092673090812203540e+00 5.764259096483969995e-03
6.123418903350412279e+00 5.729304218367925472e-03
6.154319870280551719e+00 5.694554538559573782e-03
6.185376774567303393e+00 5.660005110621885854e-03
6.216590403126469155e+00 5.625650904729362876e-03
6.247961546844911673e+00 5.591486834345086622e-03
6.279491000600590844e+00 5.557507783173463306e-03
6.311179563282705907e+00 5.523708632221496079e-03
6.343028037811937025e+00 5.490084286802968637e-03
6.375037231160791684e+00 5.456629703322885341e-03
6.407207954374047887e+00 5.423339915665810647e-03
6.439541022589307495e+00 5.390210061022467775e-03
6.472037255057648153e+00 5.357235404984338721e-03
6.504697475164383569e+00 5.324411365735566212e-03
6.537522510449922386e+00 5.291733537184706293e-03
6.570513192630741628e+00 5.259197710870051369e-03
6.603670357620456954e+00 5.226799896491320270e-03
6.636994845551001276e+00 5.194536340915168957e-03
6.670487500793918834e+00 5.162403545523125241e-03
6.704149171981751643e+00 5.130398281772158980e-03
6.737980712029546737e+00 5.098517604849093013e-03
6.771982978156468214e+00 5.066758865315582408e-03
6.806156831907513194e+00 5.035119718650671317e-03
6.840503139175344138e+00 5.003598132616470483e-03
6.875022770222227741e+00 4.972192392382102782e-03
6.909716599702088402e+00 4.940901103364176740e-03
6.944585506682664722e+00 4.909723191748899263e-03
6.979630374667788573e+00 4.878657902689382229e-03
7.014852091619767194e+00 4.847704796181994021e-03
7.050251549981886079e+00 4.816863740648199242e-03
7.085829646701016671e+00 4.786134904266258275e-03
7.121587283250348399e+00 4.755518744112077756e-03
7.157525365652225524e+00 4.725015993193438894e-03
7.193644804501107437e+00 4.694627645475197425e-03
7.229946514986639095e+00 4.664354939014722645e-03
7.266431416916839581e+00 4.634199337337665051e-03
7.303100434741411462e+00 4.604162509208704901e-03
7.339954497575158499e+00 4.574246306964250587e-03
7.376994539221533032e+00 4.544452743586335774e-03
7.414221498196294391e+00 4.514783968712525637e-03
7.451636317751288097e+00 4.485242243786927673e-03
7.489239945898345852e+00 4.455829916568507416e-03
7.527033335433309880e+00 4.426549395219339135e-03
7.565017443960169174e+00 4.397403122203532265e-03
7.603193233915325422e+00 4.368393548230479172e-03
7.641561672591981491e+00 4.339523106478990200e-03
7.680123732164647166e+00 4.310794187335501015e-03
7.718880389713773660e+00 4.282209113880454908e-03
7.757832627250509816e+00 4.253770118350848686e-03
7.796981431741586199e+00 4.225479319798013458e-03
7.836327795134319096e+00 4.197338703151537974e-03
7.875872714381749518e+00 4.169350099886517946e-03
7.915617191467897662e+00 4.141515170476087367e-03
7.955562233433155939e+00 4.113835388797258859e-03
7.995708852399805444e+00 4.086312028636034446e-03
8.036058065597654121e+00 4.058946152417119632e-03
8.076610895389823241e+00 4.031738602260618969e-03
8.117368369298636921e+00 4.004689993445839126e-03
8.158331520031671502e+00 3.977800710334895157e-03
8.199501385507913298e+00 3.951070904780484144e-03
8.240879008884061108e+00 3.924500497016301416e-03
8.282465438580953077e+00 3.898089179000376568e-03
8.324261728310139219e+00 3.871836420152530416e-03
8.366268937100574732e+00 3.845741475399979976e-03
8.408488129325451865e+00 3.819803395417212949e-03
8.450920374729173901e+00 3.794021038919264798e-03
8.493566748454457027e+00 3.768393086843674702e-03
8.536428331069574327e+00 3.742918058230819498e-03
8.579506208595731209e+00 3.717594327594049824e-03
8.622801472534588285e+00 3.692420143550533083e-03
8.666315219895913913e+00 3.667393648466781703e-03
8.710048553225377077e+00 3.642512898861247246e-03
8.754002580632494812e+00 3.617775886297401079e-03
8.798178415818696863e+00 3.593180558492816302e-03
8.842577178105550217e+00 3.568724840367760304e-03
8.887199992463120424e+00 3.544406654760302779e-03
8.932047989538476784e+00 3.520223942539027137e-03
8.977122305684336112e+00 3.496174681853105558e-03
9.022424082987859251e+00 3.472256906275587949e-03
9.067954469299591480e+00 3.448468721610291159e-03
9.113714618262536149e+00 3.424808321154586537e-03
9.159705689341402390e+00 3.401273999234212097e-03
9.205928847851966523e+00 3.377864162853737393e-03
9.252385264990607538e+00 3.354577341335637352e-03
9.299076117863984692e+00 3.331412193853076128e-03
9.346002589518853654e+00 3.308367514793762731e-03
9.393165868972053190e+00 3.285442236928438637e-03
9.440567151240623289e+00 3.262635432392266797e-03
9.488207637372093828e+00 3.239946311521644910e-03
9.536088534474904677e+00 3.217374219625081851e-03
9.584211055749003449e+00 3.194918631798138262e-03
9.632576420516572924e+00 3.172579145924202433e-03
9.681185854252939649e+00 3.150355474032848213e-03
9.730040588617612229e+00 3.128247432212195953e-03
9.779141861485499021e+00 3.106254929293159484e-03
9.828490916978267933e+00 3.084377954542444778e-03
9.878089005495867880e+00 3.062616564615949690e-03
9.927937383748217215e+00 3.040970870031833948e-03
9.978037314787043144e+00 3.019441021426310257e-03
1.002839006803788280e+01 2.998027195855877420e-03
1.007899691933225128e+01 2.976729583402512071e-03
1.012985915093996603e+01 2.955548374327448494e-03
1.018097805160163638e+01 2.934483747004146357e-03
1.023235491656132012e+01 2.913535856839442363e-03
1.028399104759934346e+01 2.892704826368290918e-03
1.033588775306527907e+01 2.871990736679006905e-03
1.038804634791110182e+01 2.851393620293301776e-03
1.044046815372450432e+01 2.830913455593692986e-03
1.049315449876238659e+01 2.810550162853595393e-03
1.054610671798450916e+01 2.790303601888590238e-03
1.059932615308731663e+01 2.770173571311266864e-03
1.065281415253793540e+01 2.750159809334940062e-03
1.070657207160834012e+01 2.730261996036677935e-03
1.076060127240969244e+01 2.710479756957411696e-03
1.081490312392686093e+01 2.690812667887292672e-03
1.086947900205309381e+01 2.671260260657889324e-03
1.092433028962489594e+01 2.651822029741507294e-03
1.097945837645706035e+01 2.632497439442280443e-03
1.103486465937788275e+01 2.613285931450986567e-03
1.109055054226455361e+01 2.594186932531152186e-03
1.114651743607873335e+01 2.575199862104949732e-03
1.120276675890230145e+01 2.556324139514146339e-03
1.125929993597328327e+01 2.537559190744359539e-03
1.131611839972196876e+01 2.518904454420262898e-03
1.137322358980720338e+01 2.500359386902664596e-03
1.143061695315287096e+01 2.481923466348912206e-03
1.148829994398454524e+01 2.463596195630570092e-03
1.154627402386634927e+01 2.445377104038952247e-03
1.160454066173798182e+01 2.427265747749400224e-03
1.166310133395193382e+01 2.409261709053519239e-03
1.172195752431090376e+01 2.391364594410166043e-03
1.178111072410539251e+01 2.373574031405030309e-03
1.184056243215148108e+01 2.355889664745172869e-03
1.190031415482881982e+01 2.338311151447762352e-03
1.196036740611878635e+01 2.320838155410823948e-03
1.202072370764285303e+01 2.303470341577187278e-03
1.208138458870114285e+01 2.286207369917523432e-03
1.214235158631116818e+01 2.269048889467390872e-03
1.220362624524678807e+01 2.251994532654290684e-03
1.226521011807734318e+01 2.235043910142359841e-03
1.232710476520699672e+01 2.218196606407334907e-03
1.238931175491426728e+01 2.201452176230873654e-03
1.245183266339177131e+01 2.184810142272575369e-03
1.251466907478615909e+01 2.168269993841331292e-03
1.257782258123825159e+01 2.151831186945514507e-03
1.264129478292338327e+01 2.135493145655001108e-03
1.270508728809194565e+01 2.119255264761068114e-03
1.276920171311014229e+01 2.103116913670338099e-03
1.283363968250093556e+01 2.087077441421946854e-03
1.289840282898521373e+01 2.071136182672967795e-03
1.296349279352316408e+01 2.055292464456617927e-03
1.302891122535584145e+01 2.039545613485367788e-03
1.309465978204696590e+01 2.023894963745082043e-03
1.316074012952491934e+01 2.008339864110150665e-03
1.322715394212495177e+01 1.992879685702304750e-03
1.329390290263160956e+01 1.977513828720248428e-03
1.336098870232137870e+01 1.962241728481210670e-03
1.342841304100552335e+01 1.947062860439255924e-03
1.349617762707317326e+01 1.931976743979578644e-03
1.356428417753459925e+01 1.916982944829918314e-03
1.363273441806471631e+01 1.902081075979296550e-03
1.370153008304682274e+01 1.887270797048480088e-03
1.377067291561653128e+01 1.872551812114390786e-03
1.384016466770594000e+01 1.857923866048383655e-03
1.391000710008803054e+01 1.843386739486438473e-03
1.398020198242127066e+01 1.828940242602081472e-03
1.405075109329446370e+01 1.814584207901086266e-03
1.412165622027180412e+01 1.800318482297381256e-03
1.419291915993818165e+01 1.786142918759289029e-03
1.426454171794469516e+01 1.772057367835287679e-03
1.433652570905440449e+01 1.758061669375583606e-03
1.440887295718831673e+01 1.744155644760561402e-03
1.448158529547159823e+01 1.730339089928922608e-03
1.455466456628002092e+01 1.716611769468077411e-03
1.462811262128664680e+01 1.702973411987775913e-03
1.470193132150874149e+01 1.689423706945934961e-03
1.477612253735493297e+01 1.675962303036522116e-03
1.485068814867260123e+01 1.662588808184356677e-03
1.492563004479551125e+01 1.649302791123529810e-03
1.500095012459167876e+01 1.636103784469087425e-03
1.507665029651149524e+01 1.622991289126975026e-03
1.515273247863607153e+01 1.609964779829388317e-03
1.522919859872584603e+01 1.597023711533899657e-03
1.530605059426942383e+01 1.584167526387685434e-03
1.538329041253267881e+01 1.571395660934833292e-03
1.546092001060807775e+01 1.558707553237310018e-03
1.553894135546428679e+01 1.546102649587742257e-03
1.561735642399599477e+01 1.533580410516910061e-03
1.569616720307401181e+01 1.521140315837977335e-03
1.577537568959560943e+01 1.508781868521857136e-03
1.585498389053512014e+01 1.496504597261969979e-03
1.593499382299478739e+01 1.484308057657213577e-03
1.601540751425587672e+01 1.472191832016719491e-03
1.609622700183004085e+01 1.460155527863914561e-03
1.617745433351094420e+01 1.448198775287242758e-03
1.625909156742616091e+01 1.436321223345530173e-03
1.634114077208930027e+01 1.424522535784223960e-03
1.642360402645244832e+01 1.412802386351889395e-03
1.650648341995881552e+01 1.401160454021756858e-03
1.658978105259570057e+01 1.389596418419856158e-03
1.667349903494768526e+01 1.378109955739694175e-03
1.675763948825012761e+01 1.366700735384452541e-03
1.684220454444288251e+01 1.355368417523533132e-03
1.692719634622435265e+01 1.344112651685080420e-03
1.701261704710576339e+01 1.332933076432759548e-03
1.709846881146571818e+01 1.321829320099588605e-03
1.718475381460506313e+01 1.310801002478177929e-03
1.727147424280198962e+01 1.299847737299951586e-03
1.735863229336742819e+01 1.288969135281450374e-03
1.744623017470073023e+01 1.278164807475955711e-03
1.753427010634562677e+01 1.267434368647493833e-03
1.762275431904645373e+01 1.256777440382709403e-03
1.771168505480468625e+01 1.246193653674996767e-03
1.780106456693574657e+01 1.235682650753422819e-03
1.789089512012608552e+01 1.225244085984144400e-03
1.798117899049058366e+01 1.214877625741108726e-03
1.807191846563020832e+01 1.204582947220738959e-03
1.816311584468997964e+01 1.194359736257085119e-03
1.825477343841722799e+01 1.184207684274041781e-03
1.834689356922014980e+01 1.174126484583161521e-03
1.843947857122663692e+01 1.164115828294489926e-03
1.853253079034343287e+01 1.154175400148249944e-03
1.862605258431556265e+01 1.144304874593646704e-03
1.872004632278608582e+01 1.134503912434991308e-03
1.881451438735612314e+01 1.124772158334423492e-03
1.890945917164521006e+01 1.115109239405317814e-03
1.900488308135194515e+01 1.105514765055145036e-03
1.910078853431494750e+01 1.095988328145249035e-03
1.919717796057410908e+01 1.086529507434724588e-03
1.929405380243218104e+01 1.077137871174198682e-03
1.939141851451664422e+01 1.067812981620545930e-03
1.948927456384191714e+01 1.058554400164060487e-03
1.958762442987185537e+01 1.049361692702282427e-03
1.968647060458256703e+01 1.040234434865543222e-03
1.978581559252558009e+01 1.031172216701501700e-03
1.988566191089127955e+01 1.022174646460662821e-03
1.998601208957269648e+01 1.013241353190166144e-03
2.008686867122961317e+01 1.004371987933998711e-03
2.018823421135297380e+01 9.955662234473010557e-04
2.029011127832965755e+01 9.868237524512536024e-04
2.039250245350754298e+01 9.781442845731801432e-04
2.049541033126090639e+01 9.695275422232377477e-04
2.059883751905617544e+01 9.609732557453105114e-04
2.070278663751798831e+01 9.524811582370157521e-04
2.080726032049558683e+01 9.440509804573208978e-04
2.091226121512957192e+01 9.356824462273084309e-04
2.101779198191895048e+01 9.273752686812061123e-04
2.112385529478857293e+01 9.191291476452651292e-04
2.123045384115687284e+01 9.109437683180305039e-04
2.133759032200395112e+01 9.028188013068976815e-04
2.144526745194002970e+01 8.947539039529824306e-04
2.155348795927422856e+01 8.867487227608809039e-04
2.166225458608368371e+01 8.788028966526891970e-04
2.177157008828304896e+01 8.709160606960936668e-04
2.188143723569429966e+01 8.630878499215463486e-04
2.199185881211693427e+01 8.553179028471238551e-04
2.210283761539849579e+01 8.476058643719957186e-04
2.221437645750547318e+01 8.399513877767250322e-04
2.232647816459453693e+01 8.323541356731492492e-04
2.243914557708417590e+01 8.248137798679382182e-04
2.255238154972662556e+01 8.173300002288410443e-04
2.266618895168024395e+01 8.099024827572424241e-04
2.278057066658218233e+01 8.025309171614941877e-04
2.289552959262145748e+01 7.952149942813345994e-04
2.301106864261238982e+01 7.879544037268301770e-04
2.312719074406840392e+01 7.807488320633365793e-04
2.324389883927620915e+01 7.735979617993212843e-04
2.336119588537034275e+01 7.665014713252889635e-04
2.347908485440810367e+01 7.594590358223849693e-04
2.359756873344487005e+01 7.524703290247331151e-04
2.371665052460975076e+01 7.455350255978738334e-04
2.383633324518169516e+01 7.386528038029868595e-04
2.395661992766590842e+01 7.318233480662062179e-04
2.407751361987071093e+01 7.250463510717691188e-04
2.419901738498476007e+01 7.183215150486018134e-04
2.432113430165465218e+01 7.116485520167307750e-04
2.444386746406294364e+01 7.050271828909830630e-04
2.456721998200654156e+01 6.984571354885290174e-04
2.469119498097551357e+01 6.919381416346534561e-04
2.481579560223225656e+01 6.854699336884422824e-04
2.494102500289111290e+01 6.790522408994305878e-04
2.506688635599834925e+01 6.726847860450051262e-04
2.519338285061256855e+01 6.663672827794795859e-04
2.532051769188549883e+01 6.600994340500191630e-04
2.544829410114321888e+01 6.538809318095458855e-04
2.557671531596777115e+01 6.477114580971426094e-04
2.570578459027919749e+01 6.415906873822330983e-04
2.583550519441798698e+01 6.355182899026005786e-04
2.596588041522794299e+01 6.294939355914552868e-04
2.609691355613945163e+01 6.235172981049971492e-04
2.622860793725320150e+01 6.175880584432620266e-04
2.636096689542429772e+01 6.117059077085454117e-04
2.649399378434680941e+01 6.058705486624959679e-04
2.662769197463875059e+01 6.000816959098078914e-04
2.676206485392748391e+01 5.943390747297624607e-04
2.689711582693555059e+01 5.886424187677499753e-04
2.703284831556694101e+01 5.829914669579094487e-04
2.716926575899380936e+01 5.773859601496196710e-04
2.730637161374358968e+01 5.718256379383837400e-04
2.744416935378660938e+01 5.663102361507444575e-04
2.758266247062408283e+01 5.608394853117661854e-04
2.772185447337659880e+01 5.554131102524544538e-04
2.786174888887302004e+01 5.500308308221020515e-04
2.800234926173985883e+01 5.446923634892364809e-04
2.814365915449107902e+01 5.393974234752005976e-04
2.828568214761836686e+01 5.341457269895537102e-04
2.842842183968185665e+01 5.289369931388817128e-04
2.857188184740130410e+01 5.237709451592105622e-04
2.871606580574772849e+01 5.186473107631723667e-04
2.886097736803552394e+01 5.135658215715449603e-04
2.900662020601500757e+01 5.085262117829857098e-04
2.915299800996546864e+01 5.035282163920246816e-04
2.930011448878867242e+01 4.985715693638057304e-04
2.944797337010282945e+01 4.936560021939816276e-04
2.959657840033704801e+01 4.887812432165263270e-04
2.974593334482626261e+01 4.839470178797680125e-04
2.989604198790662792e+01 4.791530500162851248e-04
3.004690813301143493e+01 4.743990639219173157e-04
3.019853560276743920e+01 4.696847868755658429e-04
3.035092823909176118e+01 4.650099516142684568e-04
3.050408990328919856e+01 4.603742982557223053e-04
3.065802447615008930e+01 4.557775752426867469e-04
3.081273585804861881e+01 4.512195390585713173e-04
3.096822796904166353e+01 4.466999526980507118e-04
3.112450474896811770e+01 4.422185831238760359e-04
3.128157015754870685e+01 4.377751981494099683e-04
3.143942817448632709e+01 4.333695633111782656e-04
3.159808279956689248e+01 4.290014393089320948e-04
3.175753805276065478e+01 4.246705804875493435e-04
3.191779797432409183e+01 4.203767346351793780e-04
3.207886662490225405e+01 4.161196441153183789e-04
3.224074808563166528e+01 4.118990480892342765e-04
3.240344645824372805e+01 4.077146853731285778e-04
3.256696586516865466e+01 4.035662973561660624e-04
3.273131044963990632e+01 3.994536304068919703e-04
3.289648437579920426e+01 3.953764373178700851e-04
3.306249182880200976e+01 3.913344775567413484e-04
3.322933701492357272e+01 3.873275163593428434e-04
3.339702416166553434e+01 3.833553229567764390e-04
3.356555751786300590e+01 3.794176684131846133e-04
3.373494135379225867e+01 3.755143236188749939e-04
3.390517996127889688e+01 3.716450579160028686e-04
3.407627765380662055e+01 3.678096386469006376e-04
3.424823876662651401e+01 3.640078316559514212e-04
3.442106765686690295e+01 3.602394025128852098e-04
3.459476870364372303e+01 3.565041180296689926e-04
3.476934630817151373e+01 3.528017475686665017e-04
3.494480489387491673e+01 3.491320637078396670e-04
3.512114890650077115e+01 3.454948420214047590e-04
3.529838281423072743e+01 3.418898599989184930e-04
3.547651110779450079e+01 3.383168953892156435e-04
3.565553830058362195e+01 3.347757244443460840e-04
3.583546892876582746e+01 3.312661205981915174e-04
3.601630755139998286e+01 3.277878540240205130e-04
3.619805875055158850e+01 3.243406922938713195e-04
3.638072713140889647e+01 3.209244020655969542e-04
3.656431732239958166e+01 3.175387514293430869e-04
3.674883397530803819e+01 3.141835123370096197e-04
3.693428176539322294e+01 3.108584624802630814e-04
3.712066539150712430e+01 3.075633861011011329e-04
3.730798957621382783e+01 3.042980734901034809e-04
3.749625906590916458e+01 3.010623192803143708e-04
3.768547863094099171e+01 2.978559199783793656e-04
3.787565306573002744e+01 2.946786713884311107e-04
3.806678718889138224e+01 2.915303666102147563e-04
3.825888584335661591e+01 2.884107951197560724e-04
3.845195389649645534e+01 2.853197431199258616e-04
3.864599624024412350e+01 2.822569949781648978e-04
3.884101779121929354e+01 2.792223352637025736e-04
3.903702349085266121e+01 2.762155507496771574e-04
3.923401830551117087e+01 2.732364317987586388e-04
3.943200722662380997e+01 2.702847727829795106e-04
3.963099527080811413e+01 2.673603715223821556e-04
3.983098747999728317e+01 2.644630280537342408e-04
4.003198892156790123e+01 2.615925432525879326e-04
4.023400468846835309e+01 2.587487178574134831e-04
4.043703989934788012e+01 2.559313522721123999e-04
4.064109969868625427e+01 2.531402472099539562e-04
4.084618925692412716e+01 2.503752048988306506e-04
4.105231377059406839e+01 2.476360303235439946e-04
4.125947846245220063e+01 2.449225319349486820e-04
4.146768858161054538e+01 2.422345214364618243e-04
4.167694940367002232e+01 2.395718126060463902e-04
4.188726623085413792e+01 2.369342194969153591e-04
4.209864439214331355e+01 2.343215546325875870e-04
4.231108924340990285e+01 2.317336278600611683e-04
4.252460616755393374e+01 2.291702463217045187e-04
4.273920057463945454e+01 2.266312156210968838e-04
4.295487790203166156e+01 2.241163418302373814e-04
4.317164361453462362e+01 2.216254336735269735e-04
4.338950320452978104e+01 2.191583041466289481e-04
4.360846219211509123e+01 2.167147710210089867e-04
4.382852612524490610e+01 2.142946560835239534e-04
4.404970057987056009e+01 2.118977834197328209e-04
4.427199116008161894e+01 2.095239773937156375e-04
4.449540349824789587e+01 2.071730610670973187e-04
4.471994325516217117e+01 2.048448555947219760e-04
4.494561612018360108e+01 2.025391807163589035e-04
4.517242781138190111e+01 2.002558560105259576e-04
4.540038407568220435e+01 1.979947022848948450e-04
4.562949068901069438e+01 1.957555424738732341e-04
4.585975345644095569e+01 1.935382016930700850e-04
4.609117821234103474e+01 1.913425065285395427e-04
4.632377082052131811e+01 1.891682840156182904e-04
4.655753717438305728e+01 1.870153609132796607e-04
4.679248319706773884e+01 1.848835637345295959e-04
4.702861484160712280e+01 1.827727196157065870e-04
4.726593809107411914e+01 1.806826576701597213e-04
4.750445895873436797e+01 1.786132101828709644e-04
4.774418348819859403e+01 1.765642130133768337e-04
4.798511775357575004e+01 1.745355049028876149e-04
4.822726785962692730e+01 1.725269258898568848e-04
4.847063994192002667e+01 1.705383154853490802e-04
4.871524016698521820e+01 1.685695114157856203e-04
4.896107473247119657e+01 1.666203495106041612e-04
4.920814986730222529e+01 1.646906647951028345e-04
4.945647183183594109e+01 1.627802932944918664e-04
4.970604691802198261e+01 1.608890737373458435e-04
4.995688144956144328e+01 1.590168484201238389e-04
5.020898178206705609e+01 1.571634629178587353e-04
5.046235430322426652e+01 1.553287648855369754e-04
5.071700543295307284e+01 1.535126026109308447e-04
5.097294162357068359e+01 1.517148240455451838e-04
5.123016935995502052e+01 1.499352767258096866e-04
5.148869515970901745e+01 1.481738084720727146e-04
5.174852557332577163e+01 1.464302683100669462e-04
5.200966718435451952e+01 1.447045069551118981e-04
5.227212660956744372e+01 1.429963765007198401e-04
5.253591049912733268e+01 1.413057294836480107e-04
5.280102553675607169e+01 1.396324179317289590e-04
5.306747843990402203e+01 1.379762930635158055e-04
5.333527595992018888e+01 1.363372059479514477e-04
5.360442488222331292e+01 1.347150088550854612e-04
5.387493202647379320e+01 1.331095565781853030e-04
5.414680424674646986e+01 1.315207069602598519e-04
5.442004843170431627e+01 1.299483202631510786e-04
5.469467150477295547e+01 1.283922576602427104e-04
5.497068042431610024e+01 1.268523796455727892e-04
5.524808218381186720e+01 1.253285452178181216e-04
5.552688381202997192e+01 1.238206122564363494e-04
5.580709237320980520e+01 1.223284388151888011e-04
5.608871496723946848e+01 1.208518845446156800e-04
5.637175872983561220e+01 1.193908114435885580e-04
5.665623083272430449e+01 1.179450836257344939e-04
5.694213848382268850e+01 1.165145664361830359e-04
5.722948892742164873e+01 1.150991256356830267e-04
5.751828944436937263e+01 1.136986272421469565e-04
5.780854735225578622e+01 1.123129380882768359e-04
5.810027000559803412e+01 1.109419265930745331e-04
5.839346479602676965e+01 1.095854630549400292e-04
5.868813915247345392e+01 1.082434191091159021e-04
5.898430054135863543e+01 1.069156666333748466e-04
5.928195646678105390e+01 1.056020768655632541e-04
5.958111447070785971e+01 1.043025204302410082e-04
5.988178213316564324e+01 1.030168683662205414e-04
6.018396707243255150e+01 1.017449935266559046e-04
6.048767694523127147e+01 1.004867714213158097e-04
6.079291944692307226e+01 9.924207992183714305e-05
6.109970231170277088e+01 9.801079801342791307e-05
6.140803331279470001e+01 9.679280441003813666e-05
6.171792026264967745e+01 9.558797690374717796e-05
6.202937101314294210e+01 9.439619275634874684e-05
6.234239345577310587e+01 9.321732967997307148e-05
6.265699552186212173e+01 9.205126657420399856e-05
6.297318518275623234e+01 9.089788348210497287e-05
6.329097045002794886e+01 8.975706094244377401e-05
6.361035937567905307e+01 8.862867943906691762e-05
6.393136005234460839e+01 8.751261953266172900e-05
6.425398061349802958e+01 8.640876261279670017e-05
6.457822923365712597e+01 8.531699159870800527e-05
6.490411412859128859e+01 8.423719088720735379e-05
6.523164355552960103e+01 8.316924545188535492e-05
6.556082581337008719e+01 8.211303975172271096e-05
6.589166924289001770e+01 8.106845735820778767e-05
6.622418222695716850e+01 8.003538169164088807e-05
6.655837319074228731e+01 7.901369736493962272e-05
6.689425060193256911e+01 7.800329113099419530e-05
6.723182297094619742e+01 7.700405177047395851e-05
6.757109885114793713e+01 7.601586914377106983e-05
6.791208683906593535e+01 7.503863327732759978e-05
6.825479557460948854e+01 7.407223420966003969e-05
6.859923374128797491e+01 7.311656255874200391e-05
6.894541006643088110e+01 7.217151011065511617e-05
6.929333332140892310e+01 7.123696978272686762e-05
6.964301232185626134e+01 7.031283502035841435e-05
6.999445592789398063e+01 6.939899933458160022e-05
7.034767304435445112e+01 6.849535658976832052e-05
7.070267262100703931e+01 6.760180186763746740e-05
7.105946365278485644e+01 6.671823206315144450e-05
7.141805518001268638e+01 6.584454553362324117e-05
7.177845628863599359e+01 6.498064100555328831e-05
7.214067611045122419e+01 6.412641668730014518e-05
7.250472382333711607e+01 6.328177039426599235e-05
7.287060865148727373e+01 6.244660057463047797e-05
7.323833986564390841e+01 6.162080731674356312e-05
7.360792678333270089e+01 6.080429253366497828e-05
7.397937876909891486e+01 5.999695942753381151e-05
7.435270523474467552e+01 5.919871206006723885e-05
7.472791563956739935e+01 5.840945563096372673e-05
7.510501949059954541e+01 5.762909719852312882e-05
7.548402634284947510e+01 5.685754607792197082e-05
7.586494579954349149e+01 5.609471358909895905e-05
7.624778751236928542e+01 5.534051269337107666e-05
7.663256118172039066e+01 5.459485833155472976e-05
7.701927655694198904e+01 5.385766856379682908e-05
7.740794343657799459e+01 5.312886567647922761e-05
7.779857166861924611e+01 5.240837637869502614e-05
7.819117115075312086e+01 5.169613118161780883e-05
7.858575183061421399e+01 5.099206394835209565e-05
7.898232370603649599e+01 5.029611239855429132e-05
7.938089682530657853e+01 4.960821930981500167e-05
7.978148128741834455e+01 4.892833349188660893e-05
8.018408724232878626e+01 4.825641006695216247e-05
8.058872489121525007e+01 4.759241056418598220e-05
8.099540448673386095e+01 4.693630358514030217e-05
8.140413633327932530e+01 4.628806600806423667e-05
8.181493078724602697e+01 4.564768395059258472e-05
8.222779825729041647e+01 4.501515304754288225e-05
8.264274920459477869e+01 4.439047860790761236e-05
8.305979414313226528e+01 4.377367654270558828e-05
8.347894363993327715e+01 4.316477509066293257e-05
8.390020831535325385e+01 4.256381634971678101e-05
8.432359884334179867e+01 4.197085676749759154e-05
8.474912595171302598e+01 4.138596690336142445e-05
8.517680042241750016e+01 4.080923143079104364e-05
8.560663309181532554e+01 4.024074965711820260e-05
8.603863485095078545e+01 3.968063580264475141e-05
8.647281664582830274e+01 3.912901832174283599e-05
8.690918947768972203e+01 3.858603852100990164e-05
8.734776440329311242e+01 3.805184918093107698e-05
8.778855253519290613e+01 3.752661313170566428e-05
8.823156504202150074e+01 3.701050090254216806e-05
8.867681314877215470e+01 3.650368701037749389e-05
8.912430813708351707e+01 3.600634564721966825e-05
8.957406134552540777e+01 3.551864672857621110e-05
9.002608416988613271e+01 3.504075215033167890e-05
9.048038806346126250e+01 3.457281128005681964e-05
9.093698453734374709e+01 3.411495537888202984e-05
9.139588516071569302e+01 3.366729183075658989e-05
9.185710156114141967e+01 3.322989902035711115e-05
9.232064542486209291e+01 3.280282162137509750e-05
9.278652849709186512e+01 3.238606574145340991e-05
9.325476258231545046e+01 3.197959431154257859e-05
9.372535954458720653e+01 3.158332368060319333e-05
9.419833130783176500e+01 3.119712153760077712e-05
9.467368985614616861e+01 3.082080532965031708e-05
9.515144723410350025e+01 3.045414088342375249e-05
9.563161554705807532e+01 3.009684217995589806e-05
9.611420696145216880e+01 2.974857312530456669e-05
9.659923370512430552e+01 2.940895080329272054e-05
9.708670806761901417e+01 2.907754923858569274e-05
9.757664240049834348e+01 2.875390372440331946e-05
9.806904911765467148e+01 2.843751639906664448e-05
9.856394069562540494e+01 2.812786289889962900e-05
9.906132967390897193e+01 2.782439914970096564e-05
9.956122865528263333e+01 2.752656811777902751e-05
1.000636503061217724e+02 2.723380721162847054e-05
1.005686073567208609e+02 2.694555627701683106e-05
1.010761126016159750e+02 2.666126499434233078e-05
1.015861788999090152e+02 2.638039902685712063e-05
1.020988191755935190e+02 2.610244562953430625e-05
1.026140464178821503e+02 2.582691927310998547e-05
1.031318736815357653e+02 2.555336656588717273e-05
1.036523140871942417e+02 2.528136977800381097e-05
1.041753808217088988e+02 2.501054945000369655e-05
1.047010871384766375e+02 2.474056658368107498e-05
1.052294463577757568e+02 2.447112384261067612e-05
1.057604718671034476e+02 2.420196533170150107e-05
1.062941771215150339e+02 2.393287580221371415e-05
1.068305756439648349e+02 2.366368003092557989e-05
1.073696810256488590e+02 2.339424171092526522e-05
1.079115069263491762e+02 2.312446117904653445e-05
1.084560670747799946e+02 2.285427268930085955e-05
1.090033752689355566e+02 2.258364202412096398e-05
1.095534453764397256e+02 2.231256400133705030e-05
1.101062913348973211e+02 2.204105947658511653e-05
1.106619271522474008e+02 2.176917252151393178e-05
1.112203669071180059e+02 2.149696806697128353e-05
1.117816247491830666e+02 2.122452919765987399e-05
1.123457148995207859e+02 2.095195395151320776e-05
1.129126516509740412e+02 2.067935265230195913e-05
1.134824493685125333e+02 2.040684597777520226e-05
1.140551224895967266e+02 2.013456280156367115e-05
1.146306855245436935e+02 1.986263772489706066e-05
1.152091530568947775e+02 1.959120910299739477e-05
1.157905397437851036e+02 1.932041742474284728e-05
1.163748603163149369e+02 1.905040347156272481e-05
1.169621295799229586e+02 1.878130678854288176e-05
1.175523624147614044e+02 1.851326492361750161e-05
1.181455737760731068e+02 1.824641258490695145e-05
1.187417786945703995e+02 1.798088035741820799e-05
1.193409922768159674e+02 1.771679392635283637e-05
1.199432297056056598e+02 1.745427397090658882e-05
1.205485062403531202e+02 1.719343585372820347e-05
1.211568372174764789e+02 1.693438920350496624e-05
1.217682380507869482e+02 1.667723793514674701e-05
1.223827242318793367e+02 1.642208016531403303e-05
1.230003113305245819e+02 1.616900778665280976e-05
1.236210149950643000e+02 1.591810653690982021e-05
1.242448509528072265e+02 1.566945643924457030e-05
1.248718350104277448e+02 1.542313167140035350e-05
1.255019830543663630e+02 1.517920026818641162e-05
1.261353110512322928e+02 1.493772435801407408e-05
1.267718350482079614e+02 1.469876036250766982e-05
1.274115711734556413e+02 1.446235899346155971e-05
1.280545356365260830e+02 1.422856563971830681e-05
1.287007447287692230e+02 1.399742069661855145e-05
1.293502148237470522e+02 1.376895943403692537e-05
1.300029623776483731e+02 1.354321226403602156e-05
1.306590039297058183e+02 1.332020541664409245e-05
1.313183561026148993e+02 1.309996111635052756e-05
1.319810356029553020e+02 1.288249762307943757e-05
1.326470592216140005e+02 1.266782958965866272e-05
1.333164438342108156e+02 1.245596816154938627e-05
1.339892064015260758e+02 1.224692104963841299e-05
1.346653639699301834e+02 1.204069297761601997e-05
1.353449336718157099e+02 1.183728573731700502e-05
1.360279327260313664e+02 1.163669795619066257e-05
1.367143784383184197e+02 1.143892541937041329e-05
1.374042882017490399e+02 1.124396139986088585e-05
1.380976794971670927e+02 1.105179667229494662e-05
1.387945698936310919e+02 1.086241979763531377e-05
1.394949770488592549e+02 1.067581731451176317e-05
1.401989187096770024e+02 1.049197375106445143e-05
1.409064127124666186e+02 1.031087209902238490e-05
1.416174769836191558e+02 1.013249412611663141e-05
1.423321295399886424e+02 9.956820211450803483e-06
1.430503884893486202e+02 9.783829523922051987e-06
1.437722720308509565e+02 9.613500231435478314e-06
1.444977984554869579e+02 9.445809454803288818e-06
1.452269861465508143e+02 9.280733453277483806e-06
1.459598535801054595e+02 9.118247581060057091e-06
1.466964193254506199e+02 8.958326113968997668e-06
1.474367020455933357e+02 8.800942591871114843e-06
1.481807204977209267e+02 8.646069955750490321e-06
1.489284935336762032e+02 8.493680444145966106e-06
1.496800401004351215e+02 8.343745821068898012e-06
1.504353792405868546e+02 8.196237452155457961e-06
1.511945300928162794e+02 8.051126442107475644e-06
1.519575118923890500e+02 7.908383901558796425e-06
1.527243439716387172e+02 7.767980751938819288e-06
1.534950457604568328e+02 7.629887739246340146e-06
1.542696367867850995e+02 7.494075652690939326e-06
1.550481366771102216e+02 7.360515170612749409e-06
1.558305651569611712e+02 7.229176863446447980e-06
1.566169420514090689e+02 7.100031145804967175e-06
1.574072872855693674e+02 6.973048213898454905e-06
1.582016208851068768e+02 6.848198325259254435e-06
1.589999629767430349e+02 6.725451718803665501e-06
1.598023337887659352e+02 6.604778584032356749e-06
1.606087536515429122e+02 6.486149317861211114e-06
1.614192429980355712e+02 6.369534523411546776e-06
1.622338223643175752e+02 6.254905126232092314e-06
1.630525123900949893e+02 6.142232305472968812e-06
1.638753338192292404e+02 6.031487390211577793e-06
1.647023075002626911e+02 5.922642050844926925e-06
1.655334543869469712e+02 5.815668104958482565e-06
1.663687955387737816e+02 5.710537429296526685e-06
1.672083521215086250e+02 5.607221998698334448e-06
1.680521454077270107e+02 5.505693852381683005e-06
1.689001967773535000e+02 5.405925254642610556e-06
1.697525277182034529e+02 5.307888561976328231e-06
1.706091598265273888e+02 5.211556332728283789e-06
1.714701148075583035e+02 5.116901498974650545e-06
1.723354144760615441e+02 5.023897255775571507e-06
1.732050807568875825e+02 4.932517099796204278e-06
1.740791356855275751e+02 4.842734698840537584e-06
1.749576014086716498e+02 4.754523956489076867e-06
1.758405001847700362e+02 4.667858916874261949e-06
1.767278543845971512e+02 4.582713600574138806e-06
1.776196864918183280e+02 4.499062167103357846e-06
1.785160191035595005e+02 4.416878915103913867e-06
1.794168749309798727e+02 4.336138441065619515e-06
1.803222767998472307e+02 4.256815690129911567e-06
1.812322476511164098e+02 4.178886188474430144e-06
1.821468105415104901e+02 4.102326244018321748e-06
1.830659886441050901e+02 4.027112882137928184e-06
1.839898052489154452e+02 3.953223977776896666e-06
1.849182837634865848e+02 3.880638157708277077e-06
1.858514477134863228e+02 3.809334786431672423e-06
1.867893207433015448e+02 3.739293672987523791e-06
1.877319266166370824e+02 3.670495008399658886e-06
1.886792892171179972e+02 3.602919233637405470e-06
1.896314325488946793e+02 3.536546845484021238e-06
1.905883807372510432e+02 3.471358320399453032e-06
1.915501580292158792e+02 3.407334048112568798e-06
1.925167887941771312e+02 3.344454359044568806e-06
1.934882975244994157e+02 3.282699362477191623e-06
1.944647088361446379e+02 3.222049062507852277e-06
1.954460474692956495e+02 3.162483340362840882e-06
1.964323382889830896e+02 3.103982023004560807e-06
1.974236062857155503e+02 3.046524912093233045e-06
1.984198765761126140e+02 2.990092016127325374e-06
1.994211744035413574e+02 2.934663663849043428e-06
2.004275251387558967e+02 2.880220652395112416e-06
2.014389542805403437e+02 2.826744446561330058e-06
2.024554874563547742e+02 2.774217297366096968e-06
2.034771504229845789e+02 2.722622250802345626e-06
2.045039690671931965e+02 2.671943136237347926e-06
2.055359694063778875e+02 2.622164557281525518e-06
2.065731775892290614e+02 2.573271729072494412e-06
2.076156198963927864e+02 2.525250415338286331e-06
2.086633227411366818e+02 2.478086890485374573e-06
2.097163126700192208e+02 2.431767904224704067e-06
2.107746163635622452e+02 2.386280631062879984e-06
2.118382606369272025e+02 2.341612726269904459e-06
2.129072724405943120e+02 2.297752246749659773e-06
2.139816788610456797e+02 2.254687545800955854e-06
2.150615071214514842e+02 2.212407170324538716e-06
2.161467845823597713e+02 2.170899714397458205e-06
2.172375387423897166e+02 2.130153637210956743e-06
2.183337972389283834e+02 2.090157218393603866e-06
2.194355878488310339e+02 2.050898527009114053e-06
2.205429384891248787e+02 2.012365413199301132e-06
2.216558772177164087e+02 1.974545586699594460e-06
2.227744322341024485e+02 1.937426649242156845e-06
2.238986318800845368e+02 1.900996036519987077e-06
2.250285046404871139e+02 1.865240975010475715e-06
2.261640791438792917e+02 1.830148387196397438e-06
2.273053841633001753e+02 1.795704785385804779e-06
2.284524486169879083e+02 1.761896318837889020e-06
2.296053015691124699e+02 1.728708899757456092e-06
2.307639722305120529e+02 1.696128420957496970e-06
2.319284899594332501e+02 1.664141101031409670e-06
2.330988842622747939e+02 1.632733792849631672e-06
2.342751847943353880e+02 1.601894210824546371e-06
2.354574213605649220e+02 1.571611112760324923e-06
2.366456239163198063e+02 1.541874318743788547e-06
2.378398225681218889e+02 1.512674663826695719e-06
2.390400475744212940e+02 1.484003944341261330e-06
2.402463293463632112e+02 1.455854786856117376e-06
2.414586984485582946e+02 1.428220511409230112e-06
2.426771855998572107e+02 1.401094951872025099e-06
2.439018216741289677e+02 1.374472144731626925e-06
2.451326377010431656e+02 1.348346008176633155e-06
2.463696648668562545e+02 1.322710014404798066e-06
2.476129345152016867e+02 1.297556946613569246e-06
2.488624781478841612e+02 1.272878898370444803e-06
2.501183274256777622e+02 1.248667447029483073e-06
2.513805141691281904e+02 1.224913973307327363e-06
2.526490703593590013e+02 1.201610000106029385e-06
2.539240281388820506e+02 1.178747317218354134e-06
2.552054198124117192e+02 1.156317894851362931e-06
2.564932778476836006e+02 1.134313584154926378e-06
2.577876348762771954e+02 1.112725775618713905e-06
2.590885236944424719e+02 1.091545305879556861e-06
2.603959772639312860e+02 1.070762696770807579e-06
2.617100287128320701e+02 1.050368775317782467e-06
2.630307113364095812e+02 1.030355449451586065e-06
2.643580585979484567e+02 1.010716263282890724e-06
2.656921041296009207e+02 9.914464901747096775e-07
2.670328817332393214e+02 9.725425701364888285e-07
2.683804253813120795e+02 9.540010891499215751e-07
2.697347692177050362e+02 9.358176760907701270e-07
2.710959475586061558e+02 9.179862266773351352e-07
2.724639948933752294e+02 9.004988232469958287e-07
2.738389458854177860e+02 8.833463118222305958e-07
2.752208353730632666e+02 8.665193195060407472e-07
2.766096983704478021e+02 8.500092740560606501e-07
2.780055700684014255e+02 8.338090282463597389e-07
2.794084858353397181e+02 8.179129621448475517e-07
2.808184812181599455e+02 8.023165941755928747e-07
2.822355919431417988e+02 7.870160128909973471e-07
2.836598539168524553e+02 7.720073648778644262e-07
2.850913032270567555e+02 7.572865603235273995e-07
2.865299761436311314e+02 7.428491911697898072e-07
2.879759091194828216e+02 7.286905089469990200e-07
2.894291387914735765e+02 7.148053999633680708e-07
2.908897019813478551e+02 7.011882853369291858e-07
2.923576356966658523e+02 6.878330635252541098e-07
2.938329771317411883e+02 6.747331445525188806e-07
2.953157636685833154e+02 6.618816276491163081e-07
2.968060328778445864e+02 6.492715547439260772e-07
2.983038225197725524e+02 6.368961316695819135e-07
2.998091705451663529e+02 6.247488680366556179e-07
3.013221150963385639e+02 6.128236223455190469e-07
3.028426945080814221e+02 6.011146594183385349e-07
3.043709473086383355e+02 5.896167535160146244e-07
3.059069122206801126e+02 5.783253622174981837e-07
3.074506281622858523e+02 5.672367591215473072e-07
3.090021342479295186e+02 5.563480449546657157e-07
3.105614697894704364e+02 5.456569784880167884e-07
3.121286742971498143e+02 5.351616938414602474e-07
3.137037874805916999e+02 5.248604174985341915e-07
3.152868492498091086e+02 5.147512888910000326e-07
3.168778997162152677e+02 5.048323105616557054e-07
3.184769791936400907e+02 4.951013655104581668e-07
3.200841281993513689e+02 4.855562291958665163e-07
3.216993874550817054e+02 4.761945298799628839e-07
3.233227978880599949e+02 4.670136923115209269e-07
3.249544006320487028e+02 4.580109098543845828e-07
3.265942370283860896e+02 4.491831818542912265e-07
3.282423486270334365e+02 4.405273846441154328e-07
3.298987771876281840e+02 4.320403340302597657e-07
3.315635646805417309e+02 4.237188037031748673e-07
3.332367532879432019e+02 4.155595205290642989e-07
3.349183854048678768e+02 4.075591713501503858e-07
3.366085036402917012e+02 3.997144459657918911e-07
3.383071508182107436e+02 3.920220942051995134e-07
3.400143699787263358e+02 3.844789595857834172e-07
3.417302043791355572e+02 3.770819685365302872e-07
3.434546974950273466e+02 3.698280962402387126e-07
3.451878930213840135e+02 3.627143484087623704e-07
3.469298348736884918e+02 3.557377777751756125e-07
3.486805671890368217e+02 3.488955164277043046e-07
