1.000000000000000048e-04 5.602227833253193623e+00
1.010372699238004895e-04 5.658277792708729770e+00
1.020852991365491858e-04 5.714888152038550828e+00
1.031441992411143843e-04 5.772064496727974614e+00
1.042140829979873234e-04 5.829812475344815503e+00
1.052950643372899044e-04 5.888137796817880520e+00
1.063872583709069952e-04 5.947046227048235600e+00
1.074907814047443386e-04 6.006543589438529729e+00
1.086057509511138684e-04 6.066635765465564489e+00
1.097322857412474348e-04 6.127328695258249525e+00
1.108705057379402015e-04 6.188628378181535439e+00
1.120205321483253524e-04 6.250540873425992849e+00
1.131824874367811929e-04 6.313072300600532039e+00
1.143564953379721920e-04 6.376228838477184802e+00
1.155426808700252630e-04 6.440016722291504792e+00
1.167411703478428187e-04 6.504442248379070257e+00
1.179520913965536943e-04 6.569511775616625471e+00
1.191755729651037984e-04 6.635231726039973132e+00
1.204117453399877367e-04 6.701608585467411672e+00
1.216607401591226557e-04 6.768648904129801025e+00
1.229226904258662995e-04 6.836359297306521476e+00
1.241977305231801868e-04 6.904746445967574253e+00
1.254859962279399272e-04 6.973817097183633962e+00
1.267876247253937622e-04 7.043578060060655233e+00
1.281027546237712951e-04 7.114036206467218904e+00
1.294315259690436294e-04 7.185198476012267577e+00
1.307740802598365154e-04 7.257071876884457318e+00
1.321305604624985110e-04 7.329663486522966842e+00
1.335011110263250233e-04 7.402980452294430691e+00
1.348858778989406163e-04 7.477029992176477791e+00
1.362850085418405616e-04 7.551819395447785688e+00
1.376986519460940157e-04 7.627356023385203798e+00
1.391269586482095572e-04 7.703647310712899099e+00
1.405700807461657666e-04 7.780700769452257859e+00
1.420281719156078239e-04 7.858523987180693560e+00
1.435013874262120771e-04 7.937124626568119012e+00
1.449898841582205591e-04 8.016510426113439891e+00
1.464938206191469707e-04 8.096689200888654625e+00
1.480133569606556217e-04 8.177668843290099687e+00
1.495486549956159578e-04 8.259457323797168016e+00
1.510998782153336235e-04 8.342062691738011182e+00
1.526671918069604449e-04 8.425493076053740538e+00
1.542507626710848780e-04 8.509756685413101707e+00
1.558507594395049014e-04 8.594861808528797553e+00
1.574673524931855483e-04 8.680816815923137142e+00
1.591007139804022439e-04 8.767630160831039632e+00
1.607510178350727941e-04 8.855310380009619564e+00
1.624184397952791630e-04 8.943866094555945168e+00
1.641031574219815891e-04 9.033306010731855906e+00
1.658053501179267727e-04 9.123638920797976226e+00
1.675251991467521415e-04 9.214873703854586040e+00
1.692628876522882546e-04 9.307019325652099440e+00
1.710186006780616474e-04 9.400084829796764296e+00
1.727925251869996378e-04 9.494079342577979475e+00
1.745848500813397737e-04 9.589012079763485019e+00
1.763957662227456870e-04 9.684892347539644675e+00
1.782254664526316558e-04 9.781729543383468339e+00
1.800741456126979357e-04 9.879533156944429351e+00
1.819420005656791366e-04 9.978312770933110087e+00
1.838292302163078409e-04 1.007807806201923562e+01
1.857360355324955776e-04 1.017883880173703304e+01
1.876626195667335090e-04 1.028060485663848489e+01
1.896091874777153794e-04 1.038338618764972132e+01
1.915759465521842163e-04 1.048719285277749869e+01
1.935631062270061172e-04 1.059203500846105861e+01
1.955708781114728304e-04 1.069792291051773603e+01
1.975994760098356503e-04 1.080486691509856634e+01
1.996491159440730398e-04 1.091287747965174759e+01
2.017200161768945000e-04 1.102196516389547298e+01
2.038123972349828829e-04 1.113214063080020999e+01
2.059264819324781301e-04 1.124341464754111719e+01
2.080624953947041687e-04 1.135579808559852211e+01
2.102206650821421947e-04 1.146930192170061602e+01
2.124012208146526428e-04 1.158393723972556799e+01
2.146043947959480971e-04 1.169971523177116168e+01
2.168304216383205266e-04 1.181664719919082707e+01
2.190795383876246105e-04 1.193474455363984710e+01
2.213519845485203497e-04 1.205401881813119225e+01
2.236480021099777036e-04 1.217448162810115697e+01
2.259678355710451482e-04 1.229614473248475726e+01
2.283117319668865469e-04 1.241901999134917212e+01
2.306799408950870403e-04 1.254311936056339150e+01
2.330727145422325326e-04 1.266845490484321424e+01
2.354903077107644584e-04 1.279503880556518425e+01
2.379329778461134598e-04 1.292288336186977382e+01
2.404009850641140617e-04 1.305200099176743755e+01
2.428945921787041941e-04 1.318240423325422483e+01
2.454140647299117572e-04 1.331410574543783376e+01
2.479596710121314000e-04 1.344711830967304245e+01
2.505316821026948738e-04 1.358145483065087156e+01
2.531303718907375625e-04 1.371712833223992867e+01
2.557560171063644975e-04 1.385415195406155675e+01
2.584088973501189176e-04 1.399253896099235206e+01
2.610892951227561419e-04 1.413230274532237374e+01
2.637974958553271983e-04 1.427345682793774984e+01
2.665337879395733470e-04 1.441601485951264650e+01
2.692984627586367035e-04 1.455999062171208358e+01
2.720918147180890752e-04 1.470539802840579924e+01
2.749141412772828047e-04 1.485225112689172633e+01
2.777657429810264419e-04 1.500056409877095653e+01
2.806469234915895785e-04 1.515035125738334010e+01
2.835579896210391779e-04 1.530162705038324766e+01
2.864992513639115198e-04 1.545440606352295809e+01
2.894710219302229579e-04 1.560870302196613224e+01
2.924736177788230689e-04 1.576453279156994824e+01
2.955073586510939868e-04 1.592191038017931248e+01
2.985725676049990132e-04 1.608085093893119222e+01
3.016695710494845693e-04 1.624136976357103279e+01
3.047986987792388499e-04 1.640348229577744021e+01
3.079602840098111379e-04 1.656720411169865415e+01
3.111546634130954643e-04 1.673255089301742515e+01
3.143821771531821380e-04 1.689953846034356744e+01
3.176431689225812666e-04 1.706818278301760827e+01
3.209379859788219513e-04 1.723849998043213105e+01
3.242669791814313334e-04 1.741050632336307658e+01
3.276305030292967434e-04 1.758421823531267236e+01
3.310289156984158316e-04 1.775965229386243038e+01
3.344625790800383669e-04 1.793682523203795398e+01
3.379318588192030642e-04 1.811575393888774954e+01
3.414371243536745378e-04 1.829645543898530846e+01
3.449787489532844982e-04 1.847894689008276714e+01
3.485571097596801217e-04 1.866324560761841767e+01
3.521725878264855012e-04 1.884936906738343154e+01
3.558255681598795385e-04 1.903733490690193619e+01
3.595164397595941824e-04 1.922716092682202671e+01
3.632455956603387577e-04 1.941886509231673230e+01
3.670134329736533135e-04 1.961246553449588603e+01
3.708203529301967358e-04 1.980798055182903639e+01
3.746667609224724454e-04 2.000542861205126499e+01
3.785530665479987797e-04 2.020482835615221262e+01
3.824796836529255795e-04 2.040619859812280623e+01
3.864470303761046756e-04 2.060955832530266107e+01
3.904555291936161209e-04 2.081492669985835064e+01
3.945056069637575390e-04 2.102232306027566722e+01
3.985976949724991916e-04 2.123176692286336120e+01
4.027322289794108912e-04 2.144327798326737167e+01
4.069096492640656370e-04 2.165687611799705437e+01
4.111304006729238239e-04 2.187258138553116282e+01
4.153949326667045290e-04 2.209041397302901899e+01
4.197036993682475622e-04 2.231039414115885933e+01
4.240571596108723526e-04 2.253254231808454122e+01
4.284557769872386038e-04 2.275687911331046820e+01
4.329000198987128915e-04 2.298342531909634445e+01
4.373903616052485775e-04 2.321220191188184501e+01
4.419272802757820743e-04 2.344323005371819590e+01
4.465112590391521834e-04 2.367653109370963449e+01
4.511427860355482532e-04 2.391212656946162340e+01
4.558223544684905171e-04 2.415003820707697813e+01
4.605504626573515034e-04 2.439028790499493837e+01
4.653276140904201419e-04 2.463289774037921731e+01
4.701543174785184891e-04 2.487788998313281752e+01
4.750310868091726425e-04 2.512528709761810930e+01
4.799584414013467358e-04 2.537511174412145820e+01
4.849369059607445682e-04 2.562738678032533102e+01
4.899670106356839635e-04 2.588213526278866539e+01
4.950492910735522067e-04 2.613938044843483866e+01
5.001842884778457581e-04 2.639914579604603162e+01
5.053725496658019413e-04 2.666145493776783226e+01
5.106146271266290022e-04 2.692633159933241771e+01
5.159110790803394728e-04 2.719379968202147424e+01
5.212624695371943740e-04 2.746388328830072822e+01
5.266693683577633543e-04 2.773660672318916554e+01
5.321323513136085688e-04 2.801199449563460320e+01
5.376520001485969634e-04 2.829007131989245494e+01
5.432289026408500688e-04 2.857086211691000699e+01
5.488636526653349916e-04 2.885439201571380607e+01
5.545568502571053852e-04 2.914068635267762986e+01
5.603091016751976039e-04 2.942977060281017287e+01
5.661210194671911474e-04 2.972167036189913603e+01
5.719932225344369738e-04 3.001641142748119151e+01
5.779263361979638733e-04 3.031401980527127193e+01
5.839209922650674548e-04 3.061452171040947690e+01
5.899778290965903118e-04 3.091794356870859062e+01
5.960974916749003059e-04 3.122431201790131183e+01
6.022806316725732570e-04 3.153365390888951580e+01
6.085279075217884951e-04 3.184599630699314687e+01
6.148399844844444325e-04 3.216136647180249497e+01
6.212175347230012006e-04 3.247979172856852159e+01
6.276612373720576177e-04 3.280129954931344116e+01
6.341717786106720271e-04 3.312591761569204607e+01
6.407498517354311271e-04 3.345367382024222991e+01
6.473961572342789347e-04 3.378459626739955013e+01
6.541114028611102202e-04 3.411871327450796798e+01
6.608963037111380626e-04 3.445605337282514569e+01
6.677515822970427886e-04 3.479664530852424065e+01
6.746779686259118383e-04 3.514051804327117878e+01
6.816762002769765185e-04 3.548770067896348479e+01
6.887470224801556197e-04 3.583822236540109429e+01
6.958911881954135941e-04 3.619211243960119617e+01
7.031094581929425106e-04 3.654940044760466122e+01
7.104026011341745082e-04 3.691011614518444617e+01
7.177713936536355907e-04 3.727428949854363793e+01
7.252166204416483518e-04 3.764195068500038843e+01
7.327390743278918697e-04 3.801313009366221962e+01
7.403395563658292898e-04 3.838785832608937909e+01
7.480188759180099239e-04 3.876616618341949305e+01
7.557778507422580104e-04 3.914808448004654906e+01
7.636173070787532309e-04 3.953364408311606581e+01
7.715380797380163181e-04 3.992287605624363778e+01
7.795410121898065873e-04 4.031581166346479961e+01
7.876269566529412553e-04 4.071248236946217247e+01
7.957967741860473912e-04 4.111291983977444175e+01
8.040513347792537608e-04 4.151715594098180162e+01
8.123915174468353609e-04 4.192522274087355783e+01
8.208182103208176879e-04 4.233715250859174972e+01
8.293323107455529948e-04 4.275297763899297365e+01
8.379347253732762329e-04 4.317273041849961857e+01
8.466263702606534715e-04 4.359644324232447588e+01
8.554081709663310376e-04 4.402414868888716626e+01
8.642810626494965400e-04 4.445587951941408278e+01
8.732459901694630561e-04 4.489166867750601853e+01
8.823039081862847199e-04 4.533154928867693911e+01
8.914557812624172633e-04 4.577555465985987126e+01
9.007025839654329456e-04 4.622371827887915430e+01
9.100453009718002763e-04 4.667607380949027629e+01
9.194849271717404600e-04 4.713265491405772423e+01
9.290224677751717300e-04 4.759349518456131278e+01
9.386589384187525196e-04 4.805862835768917307e+01
9.483953652740352916e-04 4.852808832994526966e+01
9.582327851567406726e-04 4.900190915650458834e+01
9.681722456371671818e-04 4.948012505002683525e+01
9.782148051517452255e-04 4.996277037942645194e+01
9.883615331157480453e-04 5.044987966860174566e+01
9.986135100371711093e-04 5.094148759511578106e+01
1.008971827631794911e-03 5.143762893294692873e+01
1.019437588939439525e-03 5.193833816794759173e+01
1.030011908441425331e-03 5.244364971039533430e+01
1.040695912179251739e-03 5.295359808967360493e+01
1.051490737874508216e-03 5.346821795321821469e+01
1.062397535050028236e-03 5.398754406428263053e+01
1.073417465152299828e-03 5.451161129964600605e+01
1.084551701675146376e-03 5.504045464726187475e+01
1.095801430284688936e-03 5.557410920384796071e+01
1.107167848945607653e-03 5.611261017179797506e+01
1.118652168048709207e-03 5.665599268081880524e+01
1.130255610539820455e-03 5.720429153330949390e+01
1.141979412050017802e-03 5.775754154528686257e+01
1.153824821027206200e-03 5.831577760235050789e+01
1.165793098869066183e-03 5.887903465632135891e+01
1.177885520057376763e-03 5.944734772180770932e+01
1.190103372293732815e-03 6.002075187269733192e+01
1.202447956636671072e-03 6.059928223857789220e+01
1.214920587640216845e-03 6.118297400108601636e+01
1.227522593493869055e-03 6.177186236981242473e+01
1.240255316164036578e-03 6.236598225411729857e+01
1.253120111536942805e-03 6.296536830255153205e+01
1.266118349563010587e-03 6.357005516623815566e+01
1.279251414402746839e-03 6.418007750268709799e+01
1.292520704574138960e-03 6.479546997111161488e+01
1.305927633101580622e-03 6.541626722766301327e+01
1.319473627666342989e-03 6.604250392057861063e+01
1.333160130758605016e-03 6.667421468524121053e+01
1.346988599831063426e-03 6.731143413915353335e+01
1.360960507454132351e-03 6.795419675281563343e+01
1.375077341472756478e-03 6.860253640883107096e+01
1.389340605164848764e-03 6.925648677512768359e+01
1.403751817401371373e-03 6.991608144828840921e+01
1.418312512808078685e-03 7.058135394739149149e+01
1.433024241928935842e-03 7.125233770774767095e+01
1.447888571391234497e-03 7.192906607453402046e+01
1.462907084072420519e-03 7.261157229633187171e+01
1.478081379268650353e-03 7.329988951856522306e+01
1.493413072865099446e-03 7.399405077243413587e+01
1.508903797508033811e-03 7.469408874940113208e+01
1.524555202778668126e-03 7.540003568314730842e+01
1.540368955368826660e-03 7.611192363013367412e+01
1.556346739258427161e-03 7.682978448683665817e+01
1.572490255894804650e-03 7.755364998211207705e+01
1.588801224373894826e-03 7.828355166944965049e+01
1.605281381623299220e-03 7.901952091912048104e+01
1.621932482587246397e-03 7.976158891021641750e+01
1.638756300413474589e-03 8.050978662258297902e+01
1.655754626642049181e-03 8.126414477454129326e+01
1.672929271396142187e-03 8.202469339533998038e+01
1.690282063574789079e-03 8.279146202716310654e+01
1.707814851047644673e-03 8.356447994843559002e+01
1.725529500851759757e-03 8.434377616653300436e+01
1.743427899390399913e-03 8.512937940846636309e+01
1.761511952633922811e-03 8.592131811145776510e+01
1.779783586322745623e-03 8.671962041339969574e+01
1.798244746172409075e-03 8.752431414320257375e+01
1.816897398080777803e-03 8.833542681098343508e+01
1.835743528337383315e-03 8.915298557655982847e+01
1.854785143834940990e-03 8.997701720342905674e+01
1.874024272283060641e-03 9.080754809423387997e+01
1.893462962424173395e-03 9.164460428937120184e+01
1.913103284251701369e-03 9.248821145660605225e+01
1.932947329230483334e-03 9.333839488057355993e+01
1.952997210519496303e-03 9.419517945216972521e+01
1.973255063196877133e-03 9.505858965783664871e+01
1.993723044487289049e-03 9.592864956873503957e+01
2.014403333991634810e-03 9.680538281281609159e+01
2.035298133919164441e-03 9.768881224987454459e+01
2.056409669321980146e-03 9.857895997779171182e+01
2.077740188331982183e-03 9.947584760004370708e+01
2.099291962400265908e-03 1.003794962243939750e+02
2.121067286539004681e-03 1.012899264509791806e+02
2.143068479565844644e-03 1.022071583602830174e+02
2.165297884350829601e-03 1.031312115010143913e+02
2.187757868065889379e-03 1.040621048778771467e+02
2.210450822436915534e-03 1.049998569392401038e+02
2.233379163998453886e-03 1.059444855426293230e+02
2.256545334351036866e-03 1.068960078543438783e+02
2.279951800421183439e-03 1.078544404083843631e+02
2.303601054724099990e-03 1.088197991260985305e+02
2.327495615629104290e-03 1.097920993032734174e+02
2.351638027627799866e-03 1.107713555971236872e+02
2.376030861605037646e-03 1.117575820131924900e+02
2.400676715112684372e-03 1.127507918921608905e+02
2.425578212646229900e-03 1.137509978965788662e+02
2.450738005924266768e-03 1.147582119920317041e+02
2.476158774170867174e-03 1.157724450898125639e+02
2.501843224400888185e-03 1.167937068134442455e+02
2.527794091708238967e-03 1.178220059724365711e+02
2.554014139557134362e-03 1.188573505959390246e+02
2.580506160076372502e-03 1.198997479184151871e+02
2.607272974356663383e-03 1.209492043652387707e+02
2.634317432751043502e-03 1.220057255382292851e+02
2.661642415178403030e-03 1.230693162011197757e+02
2.689250831430165401e-03 1.241399802649611672e+02
2.717145621480145361e-03 1.252177206766799742e+02
2.745329755797620581e-03 1.263025385553029309e+02
2.773806235663655011e-03 1.273944335548525828e+02
2.802578093490696101e-03 1.284934043568848097e+02
2.831648393145496604e-03 1.295994486604454892e+02
2.861020230275374433e-03 1.307125631662849798e+02
2.890696732637868666e-03 1.318327435610395355e+02
2.920681060433804287e-03 1.329599845013786137e+02
2.950976406643821166e-03 1.340942795981168842e+02
2.981585997368386368e-03 1.352356213996327199e+02
3.012513092171335317e-03 1.363840007250190922e+02
3.043760984426980426e-03 1.375394053964311638e+02
3.075333001670815369e-03 1.387018217030565097e+02
3.107232505953857506e-03 1.398712347098134785e+02
3.139462894200669221e-03 1.410476282399301056e+02
3.172027598571088968e-03 1.422309848575303306e+02
3.204930086825717988e-03 1.434212858502279175e+02
3.238173862695193934e-03 1.446185112117600511e+02
3.271762466253299098e-03 1.458226396246284082e+02
3.305699474293938376e-03 1.470336483635542777e+02
3.339988500712019921e-03 1.482515115691008418e+02
3.374633196888300515e-03 1.494762001851283060e+02
3.409637252078209953e-03 1.507076835788820119e+02
3.445004393804714741e-03 1.519459295952172511e+02
3.480738388255255784e-03 1.531909045378786800e+02
3.516843040682806048e-03 1.544425731508770525e+02
3.553322195811078974e-03 1.557008985999654840e+02
3.590179738243954016e-03 1.569658424542188300e+02
3.627419592879137927e-03 1.582373646677417298e+02
3.665045725326119500e-03 1.595154230750488864e+02
3.703062142328462838e-03 1.607999711873957551e+02
3.741472892190477774e-03 1.620909598432382666e+02
3.780282065208317738e-03 1.633883380621969650e+02
3.819493794105548005e-03 1.646920530265634852e+02
3.859112254473231161e-03 1.660020500623430451e+02
3.899141665214580534e-03 1.673182726204986466e+02
3.939586288994225381e-03 1.686406622584191837e+02
3.980450432692129482e-03 1.699691586216258372e+02
4.021738447862231204e-03 1.713036994126626666e+02
4.063454731195827174e-03 1.726442193066415598e+02
4.105603724989768943e-03 1.739906490996280013e+02
4.148189917619521210e-03 1.753429173241869137e+02
4.191217844017112830e-03 1.767009504137348586e+02
4.234692086154061286e-03 1.780646726848848971e+02
4.278617273529296619e-03 1.794340063201127577e+02
4.322998083662149028e-03 1.808088713508084027e+02
4.367839242590446959e-03 1.821891856406847694e+02
4.413145525373793343e-03 1.835748648695874294e+02
4.458921756602042541e-03 1.849658223211754091e+02
4.505172810909071658e-03 1.863619669123807796e+02
4.551903613491868790e-03 1.877632039360439649e+02
4.599119140635007583e-03 1.891694363105139587e+02
4.646824420240566224e-03 1.905805645832973028e+02
4.695024532363537700e-03 1.919964869165920902e+02
4.743724609752798978e-03 1.934170990733486519e+02
4.792929838397687672e-03 1.948422944038729270e+02
4.842645458080246067e-03 1.962719638330146950e+02
4.892876762933202721e-03 1.977059958475074950e+02
4.943629102003731582e-03 1.991442754586522881e+02
4.994907879823064917e-03 2.005866819269421342e+02
5.046718556982009510e-03 2.020330912720428955e+02
5.099066650712441584e-03 2.034833768897594837e+02
5.151957735474822948e-03 2.049374095420802746e+02
5.205397443551815564e-03 2.063950573479724824e+02
5.259391465648058719e-03 2.078561857749389219e+02
5.313945551496155641e-03 2.093206576313794187e+02
5.369065510468958892e-03 2.107883330597435645e+02
5.424757212198198786e-03 2.122590693996111213e+02
5.481026587199528538e-03 2.137327178553249212e+02
5.537879627504057288e-03 2.152091231181597095e+02
5.595322387296431700e-03 2.166881268075141236e+02
5.653360983559532933e-03 2.181695676474433583e+02
5.712001596725867908e-03 2.196532814643771019e+02
5.771250471335708648e-03 2.211391011858803495e+02
5.831113916702068169e-03 2.226268568405022279e+02
5.891598307582563213e-03 2.241163755587301694e+02
5.952710084858254917e-03 2.256074815750744733e+02
6.014455756219528118e-03 2.270999952254929326e+02
6.076841896859081285e-03 2.285937278586783918e+02
6.139875150172107755e-03 2.300884854867897786e+02
6.203562228463742854e-03 2.315840709977142922e+02
6.267909913663844562e-03 2.330802841665953054e+02
6.332925058049188385e-03 2.345769216651082729e+02
6.398614584973157104e-03 2.360737770721792685e+02
6.464985489602995648e-03 2.375706408861860552e+02
6.532044839664712631e-03 2.390673005386404384e+02
6.599799776195717019e-03 2.405635403818144482e+02
6.668257514305246311e-03 2.420591386759925285e+02
6.737425343942700720e-03 2.435538647729679269e+02
6.807310630673931058e-03 2.450474841583780403e+02
6.877920816465584418e-03 2.465397591086699265e+02
6.949263420477595245e-03 2.480304487149697650e+02
7.021346039863877314e-03 2.495193089088192551e+02
7.094176350581343250e-03 2.510060924897715608e+02
7.167762108207290615e-03 2.524905491548757368e+02
7.242111148765292480e-03 2.539724255300946254e+02
7.317231389559636714e-03 2.554514645370938126e+02
7.393130830018427614e-03 2.569273978893172057e+02
7.469817552545429673e-03 2.583999486216088144e+02
7.547299723380753236e-03 2.598688364142029741e+02
7.625585593470458369e-03 2.613337777356740617e+02
7.704683499345191429e-03 2.627944858889252373e+02
7.784601864007918530e-03 2.642506710595336585e+02
7.865349197830884265e-03 2.657020403665187587e+02
7.946934099461866810e-03 2.671482979155312023e+02
8.029365256739830897e-03 2.685891448541696604e+02
8.112651447620078393e-03 2.700242759722708570e+02
8.196801541109004913e-03 2.714533710469412995e+02
8.281824498208545729e-03 2.728761041083037071e+02
8.367729372870402055e-03 2.742921460989034017e+02
8.454525312960205555e-03 2.757011649467427219e+02
8.542221561231641905e-03 2.771028256412365067e+02
8.630827456310698198e-03 2.784967903122114308e+02
8.720352433690124402e-03 2.798827183118752373e+02
8.810806026734193871e-03 2.812602662998136793e+02
8.902197867693910360e-03 2.826290880350612156e+02
8.994537688732708383e-03 2.839888255140132856e+02
9.087835322962830795e-03 2.853391072644732276e+02
9.182100705492440840e-03 2.866795584894039166e+02
9.277343874483588368e-03 2.880098017832554547e+02
9.373574972221153379e-03 2.893294572433871394e+02
9.470804246192891795e-03 2.906381425850615869e+02
9.569042050180670209e-03 2.919354732600733655e+02
9.668298845363016217e-03 2.932210625789205665e+02
9.768585201429116210e-03 2.944945218365990627e+02
9.869911797704366413e-03 2.957554577290103452e+02
9.972289424287589937e-03 2.970034570337833202e+02
1.007572898320006211e-02 2.982380971407910693e+02
1.018024148954644464e-02 2.994589534833199309e+02
1.028583807268776927e-02 3.006655997170170167e+02
1.039252997742657822e-02 3.018576078814505763e+02
1.050032856520437263e-02 3.030345485659051974e+02
1.060924531531147116e-02 3.041959910793706854e+02
1.071929182610940889e-02 3.053415036247197349e+02
1.083047981626604483e-02 3.064706534153295934e+02
1.094282112600345434e-02 3.075829973435987768e+02
1.105632771835877472e-02 3.086780716975707719e+02
1.117101168045812887e-02 3.097554095070422591e+02
1.128688522480375891e-02 3.108145432015916754e+02
1.140396069057452930e-02 3.118550048286871856e+02
1.152225054493988959e-02 3.128763262765248783e+02
1.164176738438748790e-02 3.138780395015136833e+02
1.176252393606455615e-02 3.148596767603410740e+02
1.188453305913318714e-02 3.158207708465120618e+02
1.200780774613970092e-02 3.167608538204675597e+02
1.213236112439819436e-02 3.176794377742844517e+02
1.225820645738843855e-02 3.185760204570113956e+02
1.238535714616829757e-02 3.194501003865030384e+02
1.251382673080077626e-02 3.203011774818217532e+02
1.264362889179587897e-02 3.211287533534946306e+02
1.277477745156742513e-02 3.219323315985945442e+02
1.290728637590497947e-02 3.227114181004825468e+02
1.304116977546104089e-02 3.234655213330253787e+02
1.317644190725365816e-02 3.241941526691440458e+02
1.331311717618464605e-02 3.248968196927547183e+02
1.345121013657352496e-02 3.255730064950913061e+02
1.359073549370740618e-02 3.262221942589973196e+02
1.373170810540690935e-02 3.268438680517847388e+02
1.387414298360836913e-02 3.274375171878375568e+02
1.401805529596241232e-02 3.280026355955143913e+02
1.416346036744915368e-02 3.285387221880794755e+02
1.431037368201010761e-02 3.290452812384145886e+02
1.445881088419705661e-02 3.295218227572111687e+02
1.460878778083802426e-02 3.299678624307868517e+02
1.476032034272049993e-02 3.303829058437078743e+02
1.491342470629214260e-02 3.307664441752464199e+02
1.506811717537914416e-02 3.311179743493406704e+02
1.522441422292236668e-02 3.314370008402866006e+02
1.538233249273154510e-02 3.317230361056118682e+02
1.554188880125763686e-02 3.319756010212477690e+02
1.570310013938359950e-02 3.321942253185892469e+02
1.586598367423370029e-02 3.323784480230346503e+02
1.603055675100161989e-02 3.325278178935909068e+02
1.619683689479752692e-02 3.326418912662330740e+02
1.636484181251428305e-02 3.327202158955221307e+02
1.653458939471302153e-02 3.327623419787865373e+02
1.670609771752828293e-02 3.327678311803741735e+02
1.687938504459292680e-02 3.327362571443201205e+02
1.705446982898296479e-02 3.326672059654606528e+02
1.723137071518263466e-02 3.325602766589383918e+02
1.741010654106978778e-02 3.324150816275684406e+02
1.759069633992192683e-02 3.322312471264811506e+02
1.777315934244300816e-02 3.320084137134618345e+02
1.795751497881130712e-02 3.317462341805473329e+02
1.814378288074848869e-02 3.314443707929052039e+02
1.833198288361015046e-02 3.311025007286246478e+02
1.852213502849809484e-02 3.307203173298280490e+02
1.871425956439442054e-02 3.302975305497733416e+02
1.890837695031783935e-02 3.298338673931163498e+02
1.910450785750230848e-02 3.293290723487548348e+02
1.930267317159828008e-02 3.287829078145209110e+02
1.950289399489677639e-02 3.281951545131473722e+02
1.970519164857652966e-02 3.275656129858069221e+02
1.990958767497446116e-02 3.268941200039844261e+02
2.011610383987965864e-02 3.261805453004959077e+02
2.032476213485120628e-02 3.254247785637023185e+02
2.053558477956000938e-02 3.246267293776974725e+02
2.074859422415493634e-02 3.237863275299056340e+02
2.096381315165350007e-02 3.229035233052069884e+02
2.118126448035733550e-02 3.219782877660379654e+02
2.140097136629271618e-02 3.210106130179157731e+02
2.162295720567642202e-02 3.200005124597845452e+02
2.184724563740715608e-02 3.189480365445216421e+02
2.207386054558279492e-02 3.178533229421121291e+02
2.230282606204378806e-02 3.167165474617016230e+02
2.253416656894290451e-02 3.155379065059434538e+02
2.276790670134165237e-02 3.143176171082549217e+02
2.300407134983362828e-02 3.130559169532153305e+02
2.324268566319505694e-02 3.117530643797801417e+02
2.348377505106286414e-02 3.104093383670770550e+02
2.372736518664050540e-02 3.090250385026003528e+02
2.397348200943183114e-02 3.076004866629329513e+02
2.422215172800339100e-02 3.061361039100663675e+02
2.447340082277529166e-02 3.046324392516178818e+02
2.472725604884108003e-02 3.030900661438843713e+02
2.498374443881684615e-02 3.015095739228398770e+02
2.524289330571987192e-02 2.998915674227212662e+02
2.550473024587714826e-02 2.982366665833342836e+02
2.576928314186407651e-02 2.965455060464299208e+02
2.603658016547362453e-02 2.948187347415594672e+02
2.630664978071628468e-02 2.930570154617175263e+02
2.657952074685118390e-02 2.912610485673354788e+02
2.685522212144857840e-02 2.894317441916737721e+02
2.713378326348418051e-02 2.875701156717805702e+02
2.741523383646551210e-02 2.856771805877329484e+02
2.769960381159074225e-02 2.837539592789541985e+02
2.798692347094026978e-02 2.818014740541086098e+02
2.827722341070139020e-02 2.798207484135196523e+02
2.857053454442646731e-02 2.778128062846843704e+02
2.886688810632483115e-02 2.757786712715166573e+02
2.916631565458888131e-02 2.737193662479646719e+02
2.946884907475464527e-02 2.716360352391321271e+02
2.977452058309723593e-02 2.695301204787682536e+02
3.008336273006148934e-02 2.674030938482727606e+02
3.039540840372822322e-02 2.652564080312691885e+02
3.071069083331641469e-02 2.630914955441920142e+02
3.102924359272176552e-02 2.609097678258963811e+02
3.135110060409185273e-02 2.587126143857645388e+02
3.167629614143853412e-02 2.565014020096820673e+02
3.200486483428765377e-02 2.542774740231383532e+02
3.233684167136671034e-02 2.520421635969232739e+02
3.267226200433078626e-02 2.497970294937977371e+02
3.301116155152700182e-02 2.475438116773775619e+02
3.335357640179818089e-02 2.452842138645894750e+02
3.369954301832585319e-02 2.430198955748718106e+02
3.404909824251315525e-02 2.407524716774891829e+02
3.440227929790802552e-02 2.384835120406941655e+02
3.475912379416706138e-02 2.362145412789687668e+02
3.511966973106053769e-02 2.339470385944808299e+02
3.548395550251889213e-02 2.316824377088824747e+02
3.585201990072126726e-02 2.294222301699413151e+02
3.622390212022641443e-02 2.271683377847968757e+02
3.659964176214645232e-02 2.249227532965439025e+02
3.697927883836392426e-02 2.226873962430570089e+02
3.736285377579259132e-02 2.204641136503924486e+02
3.775040742068243999e-02 2.182546809020867613e+02
3.814198104296932790e-02 2.160608027559563027e+02
3.853761634066973224e-02 2.138841144984222069e+02
3.893735544432112144e-02 2.117261832266464978e+02
3.934124092146835255e-02 2.095885060356548877e+02
3.974931578119663550e-02 2.074723333776003074e+02
4.016162347871147370e-02 2.053785862124915695e+02
4.057820791996614301e-02 2.033081191079133418e+02
4.099911346633717396e-02 2.012617450545509996e+02
4.142438493934832294e-02 1.992402366946856773e+02
4.185406762544352510e-02 1.972443275778724399e+02
4.228820728080937008e-02 1.952747134404772851e+02
4.272685013624761413e-02 1.933320535058983864e+02
4.317004290209821432e-02 1.914169718024879217e+02
4.361783277321344687e-02 1.895301517532080595e+02
4.407026743398358148e-02 1.876730893622208782e+02
4.452739506341473613e-02 1.858476653328523014e+02
4.498926434025936338e-02 1.840556824389500719e+02
4.545592444819997191e-02 1.822988648975118338e+02
4.592742508108662441e-02 1.805788623951360421e+02
4.640381644822873936e-02 1.788972542560683223e+02
4.688514927974180013e-02 1.772555537391654070e+02
4.737147483194951991e-02 1.756552124524439478e+02
4.786284489284205190e-02 1.740975511792315444e+02
4.835931178759077936e-02 1.725821417382781817e+02
4.886092838412035844e-02 1.711068735599496051e+02
4.936774809873854114e-02 1.696696318154368441e+02
4.987982490182434059e-02 1.682683701925340642e+02
5.039721332357530864e-02 1.669011074238435981e+02
5.091996845981432845e-02 1.655659240447002674e+02
5.144814597785667826e-02 1.642609593689385292e+02
5.198180212243795617e-02 1.629844087186328352e+02
5.252099372170349056e-02 1.617347205407943420e+02
5.306577819325986045e-02 1.605110399073695930e+02
5.361621355028921981e-02 1.593126680242658040e+02
5.417235840772702260e-02 1.581389247088615377e+02
5.473427198850377290e-02 1.569891477434641445e+02
5.530201412985167458e-02 1.558626922530362719e+02
5.587564528967652738e-02 1.547589301062348000e+02
5.645522655299578529e-02 1.536772358588820566e+02
5.704081963844342962e-02 1.526160365032523885e+02
5.763248690484229497e-02 1.515722178391258979e+02
5.823029135784447974e-02 1.505426010611991785e+02
5.883429665664079156e-02 1.495240912448715562e+02
5.944456712073968585e-02 1.485136748460365084e+02
6.006116773681650922e-02 1.475084178198800089e+02
6.068416416563386651e-02 1.465054642289917979e+02
6.131362274903370130e-02 1.455019661235228057e+02
6.194961051700192262e-02 1.444949655093999468e+02
6.259219519480632710e-02 1.434815573460001588e+02
6.324144521020853837e-02 1.424589233649057007e+02
6.389742970075079631e-02 1.414243336267429356e+02
6.456021852111824832e-02 1.403751486085018598e+02
6.522988225057768652e-02 1.393088138165672945e+02
6.590649220049339674e-02 1.382226277349708141e+02
6.659012042192102854e-02 1.371137154060364765e+02
6.728083971328015223e-02 1.359793073479577856e+02
6.797872362810641889e-02 1.348167610931800766e+02
6.868384648288421157e-02 1.336235669967204842e+02
6.939628336496046768e-02 1.323973554562631136e+02
7.011611014054057456e-02 1.311361483088610953e+02
7.084340346276722655e-02 1.298386725168276143e+02
7.157824077988314548e-02 1.285038593209632438e+02
7.232070034347835852e-02 1.271307672297176623e+02
7.307086121682314361e-02 1.257185863952713305e+02
7.382880328328725317e-02 1.242666505863684847e+02
7.459460725484660937e-02 1.227749689349329287e+02
7.536835468067823451e-02 1.212445339710241683e+02
7.615012795584419347e-02 1.196764908508107510e+02
7.694001033006574175e-02 1.180720525265864040e+02
7.773808591658849798e-02 1.164324979700099334e+02
7.854443970113945961e-02 1.147593170062154115e+02
7.935915755097698587e-02 1.130552167693632413e+02
8.018232622403471954e-02 1.113234362049761756e+02
8.101403337816022454e-02 1.095671559746295145e+02
8.185436758044956074e-02 1.077894881455452918e+02
8.270341831667867016e-02 1.059935112382298428e+02
8.356127600083247675e-02 1.041830151896066212e+02
8.442803198473303183e-02 1.023623602924530331e+02
8.530377856776731604e-02 1.005357333942612996e+02
8.618860900671614089e-02 9.870711607154122191e+01
8.708261752568480230e-02 9.688033473849033328e+01
8.798589932613694320e-02 9.505990138133563505e+01
8.889855059703234696e-02 9.325079305710980293e+01
8.982066852506992438e-02 9.145767333896810669e+01
9.075235130503700454e-02 8.968487318773027539e+01
9.169369815026590098e-02 8.793659192343511677e+01
9.264480930319901608e-02 8.621794811089735333e+01
9.360578604606342723e-02 8.453414152389635206e+01
9.457673071165627332e-02 8.288993860000040570e+01
9.555774669424205170e-02 8.128969495456672689e+01
9.654893846056289419e-02 7.973738206552771146e+01
9.755041156096294630e-02 7.823664482115037799e+01
9.856227264062841775e-02 7.679085282469033302e+01
9.958462945094388730e-02 7.540308037314804324e+01
1.006175908609666936e-01 7.407613328381320628e+01
1.016612668690201199e-01 7.281258255305411353e+01
1.027157686144070103e-01 7.161423312521213802e+01
1.037812083892447612e-01 7.048059508582413457e+01
1.048576996504231168e-01 6.941069104619933228e+01
1.059453570316859911e-01 6.840361387505332402e+01
1.070442963558387306e-01 6.745853127224476964e+01
1.081546346470816933e-01 6.657395546028806166e+01
1.092764901434721686e-01 6.574577198447397564e+01
1.104099823095152366e-01 6.496947180795649501e+01
1.115552318488852584e-01 6.424079872026007365e+01
1.127123607172796499e-01 6.355571487117138929e+01
1.138814921354055071e-01 6.290954013909248488e+01
1.150627506021012769e-01 6.229627773326654960e+01
1.162562619075944437e-01 6.171002010815601579e+01
1.174621531468966473e-01 6.114509141013223115e+01
1.186805527333378713e-01 6.059594462051784092e+01
1.199115904122409620e-01 6.005651663452353972e+01
1.211553972747379804e-01 5.952058938356798734e+01
1.224121057717298400e-01 5.898216062304487650e+01
1.236818497279908169e-01 5.843544569520882703e+01
1.249647643564193999e-01 5.787485413164358050e+01
1.262609862724367038e-01 5.729499544604006189e+01
1.275706535085345261e-01 5.669073005026099565e+01
1.288939055289742841e-01 5.605719962590318062e+01
1.302308832446381626e-01 5.539048619036329768e+01
1.315817290280345275e-01 5.468808142795742100e+01
1.329465867284589653e-01 5.394784890955222778e+01
1.343256016873126124e-01 5.316794382584838985e+01
1.357189207535791364e-01 5.234804009997947105e+01
1.371266922994626436e-01 5.148999358004891747e+01
1.385490662361874015e-01 5.059593446629735780e+01
1.399861940299617913e-01 4.966814288902637031e+01
1.414382287181075726e-01 4.871053139397685783e+01
1.429053249253566527e-01 4.772845725081381829e+01
1.443876388803167488e-01 4.672712226147346826e+01
1.458853284321079136e-01 4.571175143300335719e+01
1.473985530671717559e-01 4.468901167751295844e+01
1.489274739262546055e-01 4.366579443949505901e+01
1.504722538215674810e-01 4.264847472518722071e+01
1.520330572541233050e-01 4.164370807742355396e+01
1.536100504312547244e-01 4.065888662575514445e+01
1.552034012843128696e-01 3.970082975084127241e+01
1.568132794865504387e-01 3.877571659035720586e+01
1.584398564711896329e-01 3.788926125441989967e+01
1.600833054496779428e-01 3.704665660228297241e+01
1.617438014301331162e-01 3.625247197022081025e+01
1.634215212359794722e-01 3.550915780068498862e+01
1.651166435247775066e-01 3.481766421333716011e+01
1.668293488072489228e-01 3.417878907567211400e+01
1.685598194664987004e-01 3.359137025600631432e+01
1.703082397774371148e-01 3.305198190017195259e+01
1.720747959264024574e-01 3.255730881285219880e+01
1.738596760309881195e-01 3.210311190774624635e+01
1.756630701600745137e-01 3.168360693359217350e+01
1.774851703540695214e-01 3.129318634950553246e+01
1.793261706453583570e-01 3.092589150049252567e+01
1.811862670789657903e-01 3.057506498464961808e+01
1.830656577334327240e-01 3.023425846296020936e+01
1.849645427419091548e-01 2.989687437610586684e+01
1.868831243134660980e-01 2.955610230034262287e+01
1.888216067546283350e-01 2.920544751346838197e+01
1.907801964911309267e-01 2.883916474057195245e+01
1.927591020899009078e-01 2.845214296446909330e+01
1.947585342812673259e-01 2.803999864983317281e+01
1.967787059814015693e-01 2.760076439254154579e+01
1.988198323149904523e-01 2.713345736217952719e+01
2.008821306381443905e-01 2.663850101915619106e+01
2.029658205615434974e-01 2.611884712154125410e+01
2.050711239738232661e-01 2.557783211038992022e+01
2.071982650652033076e-01 2.502028871259193465e+01
2.093474703513610591e-01 2.445188125681294622e+01
2.115189686975528782e-01 2.387833885357275676e+01
2.137129913429855754e-01 2.330611726667016015e+01
2.159297719254407166e-01 2.274135798228774519e+01
2.181695465061543049e-01 2.219008541476884488e+01
2.204325535949545611e-01 2.165802800857704113e+01
2.227190341756604131e-01 2.115003859021621224e+01
2.250292317317434676e-01 2.066990823281763312e+01
2.273633922722561318e-01 2.022065165152389810e+01
2.297217643580287683e-01 1.980328946829092374e+01
2.321045991281384668e-01 1.941809634048526689e+01
2.345121503266523189e-01 1.906372182870047993e+01
2.369446743296484970e-01 1.873779259308376410e+01
2.394024301725169168e-01 1.843707597977865120e+01
2.418856795775439217e-01 1.815726069256569630e+01
2.443946869817822110e-01 1.789363078839788912e+01
2.469297195652105648e-01 1.764050762893844038e+01
2.494910472791853906e-01 1.739221283073834456e+01
2.520789428751872285e-01 1.714288797381557927e+01
2.546936819338657676e-01 1.688717307360930064e+01
2.573355428943858159e-01 1.662105916856162580e+01
2.600048070840780268e-01 1.634151922945593327e+01
2.627017587483966299e-01 1.604776294921853363e+01
2.654266850811886624e-01 1.574005028471449030e+01
2.681798762552764503e-01 1.542030504948854386e+01
2.709616254533577795e-01 1.509105737322060747e+01
2.737722288992264219e-01 1.475557204290888969e+01
2.766119858893162919e-01 1.441735288854511943e+01
2.794811988245734513e-01 1.408039231492287868e+01
2.823801732426577948e-01 1.374875470852861348e+01
2.853092178504795795e-01 1.342672546617101759e+01
2.882686445570730172e-01 1.311808142739264582e+01
2.912587685068108723e-01 1.282590739199034147e+01
2.942799081129637284e-01 1.255188495408350313e+01
2.973323850916071986e-01 1.229637330993127975e+01
3.004165244958811321e-01 1.205822098804831022e+01
3.035326547506035921e-01 1.183540418462631827e+01
3.066811076872447694e-01 1.162516062443989462e+01
3.098622185792627715e-01 1.142448572373466043e+01
3.130763261778063966e-01 1.123017813187533775e+01
3.163237727477882788e-01 1.103897693841333627e+01
3.196049041043321215e-01 1.084769224060846682e+01
3.229200696495976852e-01 1.065352290906825417e+01
3.262696224099885800e-01 1.045442957644442394e+01
3.296539190737448055e-01 1.024949315439000586e+01
3.330733200289263674e-01 1.003911844037016365e+01
3.365281894017901343e-01 9.824690617768691681e+00
3.400188950955652656e-01 9.608386482914127669e+00
3.435458088296303170e-01 9.392602641780964490e+00
3.471093061790971879e-01 9.179746741905590923e+00
3.507097666148055182e-01 8.972064122524209040e+00
3.543475735437318086e-01 8.771510499387780158e+00
3.580231143498177060e-01 8.579625436924548154e+00
3.617367804352221716e-01 8.397258595770562550e+00
3.654889672620009744e-01 8.224402059786994457e+00
3.692800743942187269e-01 8.060239750942900017e+00
3.731105055404980164e-01 7.903261797426623936e+00
3.769806685970095717e-01 7.751683614331502881e+00
3.808909756909083510e-01 7.603691934213266279e+00
3.848418432242203813e-01 7.457594074350291535e+00
3.888336919181846207e-01 7.311883219728540162e+00
3.928669468580549551e-01 7.165401633544686177e+00
3.969420375383668209e-01 7.017567817845042022e+00
4.010593979086731764e-01 6.868588600055238302e+00
4.052194664197551477e-01 6.719437040191808208e+00
4.094226860703121251e-01 6.571411747726794594e+00
4.136695044541355282e-01 6.425749427410881509e+00
4.179603738077727892e-01 6.283427131197914406e+00
4.222957510586848873e-01 6.145239012426668701e+00
4.266760978739040366e-01 6.011889806556164118e+00
4.311018807091955840e-01 5.883785830031786013e+00
4.355735708587302746e-01 5.760746740647218367e+00
4.400916445052717174e-01 5.641954807026180241e+00
4.446565827708838792e-01 5.526311851292041055e+00
4.492688717681652677e-01 5.412914089452609545e+00
4.539290026520142463e-01 5.301162099416501405e+00
4.586374716719310851e-01 5.190545962172670613e+00
4.633947802248630232e-01 5.080590485184474758e+00
4.682014349085969473e-01 4.971103518939667509e+00
4.730579475757061281e-01 4.862430691178097675e+00
4.779648353880567857e-01 4.755321847251235745e+00
4.829226208718795932e-01 4.650455948154092134e+00
4.879318319734127218e-01 4.548174397755472498e+00
4.929930021151216479e-01 4.448627527112878788e+00
4.981066702525028811e-01 4.351973242414991283e+00
5.032733809314762219e-01 4.258267076894441061e+00
5.084936843463722100e-01 4.167232502872612265e+00
5.137681363985221461e-01 4.078309019622039067e+00
5.190972987554542950e-01 3.990989929404857861e+00
5.244817389107053751e-01 3.905038219940958122e+00
5.299220302442518848e-01 3.820359605515830204e+00
5.354187520835684833e-01 3.736847429994898828e+00
5.409724897653191977e-01 3.654492265953431573e+00
5.465838346976895634e-01 3.573547631473468211e+00
5.522533844233641354e-01 3.494372053826618529e+00
5.579817426831579219e-01 3.417113734197665398e+00
5.637695194803081788e-01 3.341722100624780811e+00
5.696173311454318933e-01 3.268174145304227896e+00
5.755258004021585050e-01 3.196477783438554710e+00
5.814955564334420846e-01 3.126444610832167292e+00
5.875272349485625156e-01 3.057765311209174719e+00
5.936214782508205667e-01 2.990312727037581553e+00
5.997789353059361783e-01 2.924117596877998881e+00
6.060002618111555162e-01 2.859141465179305452e+00
6.122861202650747847e-01 2.795327857452337916e+00
6.186371800381893493e-01 2.732806825637341674e+00
6.250541174441729408e-01 2.671736241436873271e+00
6.315376158118978234e-01 2.612086089143916379e+00
6.380883655582013647e-01 2.553785500404389452e+00
6.447070642614066704e-01 2.496771756770735262e+00
6.513944167356073844e-01 2.440985926585510946e+00
6.581511351057215409e-01 2.386373392278682282e+00
6.649779388833246818e-01 2.332898708707521251e+00
6.718755550432697898e-01 2.280541222417209024e+00
6.788447181011012521e-01 2.229280961452330789e+00
6.858861701912720710e-01 2.179098190881507247e+00
6.930006611461732025e-01 2.129973414279691557e+00
7.001889485759810183e-01 2.081887375013177888e+00
7.074517979493345488e-01 2.034821057333781269e+00
7.147899826748487229e-01 1.988755687288454199e+00
7.222042841834737104e-01 1.943672733450657830e+00
7.296954920117074694e-01 1.899553907479744508e+00
7.372644038856728255e-01 1.856381164514220083e+00
7.449118258060659636e-01 1.814136703405148987e+00
7.526385721339852175e-01 1.772802966795378632e+00
7.604454656776525878e-01 1.732362641050489760e+00
7.683333377800314334e-01 1.692798656047081574e+00
7.763030284073562104e-01 1.654094184824080438e+00
7.843553862385779230e-01 1.616232643102437860e+00
7.924912687557398305e-01 1.579197688678716682e+00
8.007115423352880734e-01 1.542973220697660297e+00
8.090170823403310951e-01 1.507543378809146795e+00
8.174087732138555218e-01 1.472892507099638149e+00
8.258875085729094900e-01 1.439004679688101085e+00
8.344541913037614167e-01 1.405863874203158614e+00
8.431097336580478663e-01 1.373454377566009077e+00
8.518550573499171774e-01 1.341760790511951740e+00
8.606910936541811719e-01 1.310768021675998041e+00
8.696187835054856041e-01 1.280461281782954597e+00
8.786390775985077894e-01 1.250826077940087044e+00
8.877529364891950658e-01 1.221848208030847704e+00
8.969613306970530830e-01 1.193513755207852967e+00
9.062652408084941325e-01 1.165809082483640458e+00
9.156656575812587295e-01 1.138720827417455395e+00
9.251635820499192198e-01 1.112235896896588416e+00
9.347600256324782864e-01 1.086341462010636860e+00
9.444560102380735733e-01 1.061024953017157824e+00
9.542525683757993038e-01 1.036274054397296362e+00
9.641507432646551079e-01 1.012076699999733265e+00
9.741515889446382692e-01 9.884210682716390028e-01
9.842561703889854963e-01 9.652955775750913237e-01
9.944655636175810942e-01 9.426888815875807959e-01
1.004780855811539197e+00 9.205898647852015504e-01
1.015203145428977383e+00 8.989876393815563471e-01
1.025733542321988656e+00 8.778715994421808499e-01
1.036373167854828026e+00 8.572314318000671118e-01
1.047123155023324648e+00 8.370570295392256721e-01
1.057984648575532205e+00 8.173384823046776493e-01
1.068958805133632506e+00 7.980660729928628072e-01
1.080046793317100740e+00 7.792302744834507244e-01
1.091249793867150597e+00 7.608217464124713558e-01
1.102568999772469471e+00 7.428313319865647024e-01
1.114005616396257059e+00 7.252500548383292722e-01
1.125560861604583573e+00 7.080691159225174225e-01
1.137235965896077783e+00 6.912798904530028654e-01
1.149032172532959750e+00 6.748739248802835267e-01
1.160950737673435595e+00 6.588429339093849757e-01
1.172992930505461828e+00 6.431787975579188466e-01
1.185160033381901012e+00 6.278735582541663529e-01
1.197453341957075423e+00 6.129194179749095639e-01
1.209874165324739792e+00 5.983087354227766275e-01
1.222423826157485571e+00 5.840340232429527267e-01
1.235103660847588269e+00 5.700879452789207047e-01
1.247915019649319168e+00 5.564633138670094237e-01
1.260859266822730529e+00 5.431530871474380406e-01
1.273937780778934048e+00 5.301503573989231333e-01
1.287151954226885220e+00 5.174483358692426593e-01
1.300503194321690925e+00 5.050403713954613183e-01
1.313992922814454678e+00 4.929199514894158640e-01
1.327622576203675964e+00 4.810806996747139519e-01
1.341393605888221652e+00 4.695163728688600546e-01
1.355307478321883030e+00 4.582208588098675150e-01
1.369365675169534891e+00 4.471881735267736468e-01
1.383569693464915984e+00 4.364124588534457061e-01
1.397921045770046167e+00 4.258879799851058578e-01
1.412421260336296003e+00 4.156091230769456413e-01
1.427071881267128139e+00 4.055703928842796513e-01
1.441874468682526000e+00 3.957664104436562913e-01
1.456830598885127781e+00 3.861919107943170282e-01
1.471941864528085731e+00 3.768417407394543117e-01
1.487209874784663821e+00 3.677108566467141015e-01
1.502636255519596009e+00 3.587943222873434257e-01
1.518222649462222629e+00 3.500873067134580019e-01
1.533970716381421129e+00 3.415850821728650955e-01
1.549882133262352690e+00 3.332830220608749561e-01
1.565958594485040489e+00 3.251765989085964592e-01
1.582201812004802477e+00 3.172613824966905027e-01
1.598613515534554663e+00 3.095330382482859299e-01
1.615195452729004222e+00 3.019873249800458792e-01
1.631949389370755288e+00 2.946200928915428952e-01
1.648877109558343879e+00 2.874272817314302286e-01
1.665980415896223477e+00 2.804049189967895428e-01
1.683261129686721480e+00 2.735491181651211190e-01
1.700721091123985840e+00 2.668560769584795156e-01
1.718362159489946528e+00 2.603220756392586877e-01
1.736186213352304275e+00 2.539434753371377362e-01
1.754195150764578326e+00 2.477167164067176908e-01
1.772390889468226094e+00 2.416383168153560246e-01
1.790775367096859583e+00 2.357048705607461547e-01
1.809350541382583222e+00 2.299130461177571472e-01
1.828118390364466217e+00 2.242595849140847919e-01
1.847080912599182279e+00 2.187412998342557202e-01
1.866240127373833158e+00 2.133550737515307882e-01
1.885598074920977973e+00 2.080978580872611117e-01
1.905156816635894312e+00 2.029666713972625713e-01
1.924918435296093300e+00 1.979585979847665045e-01
1.944885035283110630e+00 1.930707865395182299e-01
1.965058742806598646e+00 1.883004486849570169e-01
1.985441706130743666e+00 1.836448566385573966e-01
2.006036095803028996e+00 1.791013425441676798e-01
2.026844104885375586e+00 1.746672979167458450e-01
2.047867949187674341e+00 1.703401724034098730e-01
2.069109867503748035e+00 1.661174725600190472e-01
2.090572121849752829e+00 1.619967606515188285e-01
2.112256997705058037e+00 1.579756534756678321e-01
2.134166804255623884e+00 1.540518212097283235e-01
2.156303874639901252e+00 1.502229862797306581e-01
2.178670566197285385e+00 1.464869222519032677e-01
2.201269260719143972e+00 1.428414527459050676e-01
2.224102364702448487e+00 1.392844503694521119e-01
2.247172309606042528e+00 1.358138356739867769e-01
2.270481552109559154e+00 1.324275761309962329e-01
2.294032574375029832e+00 1.291236851286330645e-01
2.317827884311208564e+00 1.259002209882652823e-01
2.341870015840629371e+00 1.227552860006082824e-01
2.366161529169445998e+00 1.196870254810834949e-01
2.390705011060058283e+00 1.166936268440628421e-01
2.415503075106575803e+00 1.137733186956589454e-01
2.440558362013131699e+00 1.109243699305734049e-01
2.465873539875091947e+00 1.081450885316061067e-01
2.491451304463171201e+00 1.054338207436144315e-01
2.517294379510502278e+00 1.027889506060695596e-01
2.543405517002685023e+00 1.002088991471850460e-01
2.569787497470836346e+00 9.769212357697974747e-02
2.596443130287686252e+00 9.523711649684435399e-02
2.623375253966744314e+00 9.284240512531077849e-02
2.650586736464565885e+00 9.050655053972186947e-02
2.678080475486157574e+00 8.822814693349288750e-02
2.705859398793549087e+00 8.600582088868573283e-02
2.733926464517562938e+00 8.383823066359848142e-02
2.762284661472825587e+00 8.172406549508486051e-02
2.790937009476037289e+00 7.966204491533050713e-02
2.819886559667549530e+00 7.765091808280777386e-02
2.849136394836273123e+00 7.568946312713820124e-02
2.878689629747963163e+00 7.377648650760040838e-02
2.908549411476902602e+00 7.191082238501900203e-02
2.938718919741028390e+00 7.009133200677634956e-02
2.969201367240536626e+00 6.831690310470452110e-02
2.999999999999995559e+00 6.658644930559344532e-02
